50
4 5 12 12
6 16 7
11 22 7
16 14 7
15 7 7
5 1 12 13
10 17 17
17 26 17
19 28 17
23 33 17
25 24 17
3 3 9 15
10 7 7
3 4 7
9 8 7
4 6 9 14
4 15 15
-1 16 15
6 18 15
16 9 15
5 1 1 13
9 17 13
10 15 13
7 19 13
10 20 13
15 22 13
5 4 8 9
12 4 0
4 11 0
4 4 0
5 3 0
7 2 0
4 3 6 15
9 6 19
3 14 19
0 9 19
-10 11 19
5 8 12 15
18 13 10
24 12 10
14 4 10
10 -6 10
2 -8 10
3 4 6 8
0 19 8
10 11 8
15 13 8
3 5 6 9
3 5 1
11 1 1
14 -1 1
5 1 1 1
1 11 15
5 10 25
15 7 20
12 14 17
16 16 20
9 1 1 1
5 6 1
14 13 4
17 14 2
27 17 -7
28 11 -1
18 14 -7
24 7 -10
19 5 -12
23 -3 -6
6 1 1 1
15 7 9
6 5 1
6 -3 -1
-3 -9 -4
4 -10 -4
-5 -14 -2
10 1 1 1
15 7 0
23 3 -1
16 13 1
24 18 6
19 12 3
27 12 1
36 18 -2
33 15 -3
38 23 -9
48 17 -5
8 1 1 1
8 6 19
15 3 10
6 7 19
2 11 21
-5 14 22
-10 15 16
-18 20 17
-22 25 14
10 1 1 1
14 17 12
17 11 16
9 18 7
11 22 13
3 30 18
-3 27 28
-7 22 24
-2 24 34
-12 25 39
-13 19 35
10 1 1 1
7 19 14
10 11 9
3 4 11
7 -6 20
3 -5 25
13 -1 34
12 -4 41
21 -9 32
29 -16 31
29 -20 31
7 1 1 1
1 14 11
-7 16 6
-7 17 5
0 26 1
-4 31 -4
4 27 5
3 26 9
7 1 1 1
9 3 15
6 -2 13
16 3 12
10 8 4
17 15 1
16 9 2
25 0 6
9 1 1 1
20 1 0
19 10 1
23 19 -5
23 26 -6
23 32 -7
30 30 -15
33 39 -23
38 49 -28
41 42 -30
7 2 5 10
36 -83 -64
28 -74 -58
27 -70 -60
23 -68 -54
25 -78 -51
15 -77 -47
8 -75 -41
5 5 5 11
-48 -91 37
-57 -87 27
-49 -85 32
-52 -80 26
-48 -80 16
8 3 5 15
-28 60 89
-23 54 88
-33 44 79
-34 42 88
-26 41 96
-34 49 89
-43 47 82
-38 39 75
8 8 14 15
-36 -28 -12
-27 -31 -18
-29 -39 -12
-30 -40 -2
-36 -41 -11
-31 -36 -16
-25 -44 -22
-18 -45 -21
7 1 2 7
100 60 -37
104 59 -28
104 51 -21
103 60 -26
105 60 -29
104 67 -33
112 57 -29
8 9 12 14
-21 54 38
-17 58 39
-25 50 43
-26 55 50
-27 52 40
-26 42 46
-32 51 47
-35 50 52
6 2 11 12
-66 24 -56
-65 19 -63
-74 19 -65
-66 14 -73
-74 20 -73
-74 16 -74
5 3 8 15
85 46 -53
78 38 -48
77 40 -58
82 34 -51
92 32 -56
5 3 12 12
97 58 83
100 61 75
96 53 67
102 52 65
102 56 73
7 6 9 14
41 -52 25
47 -49 33
51 -47 24
54 -39 15
61 -35 23
63 -34 27
69 -27 27
102 4 9 30
68 84 -69
110 173 -53
106 123 -37
39 99 -114
-51 73 -77
-104 126 -4
-33 26 -35
-31 96 -126
29 165 -187
15 167 -265
87 73 -211
50 113 -217
-23 193 -208
-47 257 -260
-29 305 -329
-26 235 -346
60 256 -361
7 266 -295
34 323 -274
117 278 -322
196 314 -273
117 224 -346
61 233 -406
23 182 -468
69 168 -372
153 162 -439
128 91 -369
95 134 -449
123 131 -522
124 82 -568
44 48 -510
-36 138 -413
50 180 -435
47 175 -473
4 223 -414
-13 227 -474
-31 326 -461
16 235 -408
-50 257 -476
-120 189 -454
-64 152 -545
-126 184 -574
-170 283 -673
-229 359 -694
-282 327 -739
-244 373 -829
-242 462 -924
-197 499 -936
-179 537 -976
-102 478 -1030
-159 452 -1121
-253 430 -1215
-209 366 -1295
-303 328 -1385
-323 319 -1296
-408 327 -1261
-341 413 -1208
-390 425 -1147
-433 483 -1131
-402 544 -1138
-341 485 -1119
-347 410 -1121
-334 401 -1221
-297 390 -1255
-293 304 -1331
-328 364 -1391
-275 398 -1305
-200 346 -1385
-282 385 -1311
-337 351 -1369
-397 402 -1393
-298 369 -1401
-330 358 -1379
-290 401 -1324
-313 371 -1238
-316 377 -1163
-230 339 -1085
-163 354 -1183
-232 357 -1195
-306 402 -1114
-210 501 -1101
-259 559 -1168
-332 580 -1147
-309 542 -1124
-285 637 -1153
-188 688 -1127
-165 611 -1104
-195 513 -1149
-179 441 -1240
-270 515 -1237
-313 554 -1273
-305 522 -1315
-223 520 -1343
-241 565 -1256
-309 570 -1304
-259 507 -1296
-215 484 -1363
-278 554 -1303
-345 602 -1260
-306 598 -1237
-327 692 -1186
-248 666 -1109
474 4 13 26
-11 -69 -74
-54 11 19
-74 75 108
8 134 139
-44 65 75
33 -8 150
37 48 176
69 -14 126
100 -89 85
0 -34 150
-5 35 112
-33 -55 85
6 -109 35
85 -16 113
15 7 71
41 -50 62
-17 11 42
15 94 80
-52 44 163
-22 77 164
3 83 221
-12 145 194
84 227 289
30 204 253
69 161 250
129 64 254
210 46 305
216 142 287
301 140 271
401 117 241
351 86 310
270 49 281
271 -28 345
311 -123 249
228 -137 327
248 -96 410
217 4 510
283 -53 435
265 1 510
354 65 530
277 25 431
278 -15 474
241 -83 487
251 -167 584
181 -227 627
178 -156 531
192 -64 581
209 -159 483
294 -127 579
369 -106 629
305 -74 614
384 -84 557
312 -15 630
238 5 567
310 -32 589
351 -95 499
352 -163 529
413 -89 541
441 -188 541
373 -274 517
293 -251 581
272 -270 640
361 -285 587
293 -382 686
313 -467 673
290 -412 764
382 -475 785
348 -466 753
346 -514 810
317 -586 776
309 -516 708
334 -610 623
276 -598 592
254 -513 568
312 -462 633
325 -482 536
323 -576 572
374 -566 557
449 -649 501
410 -572 401
462 -529 484
481 -535 521
412 -563 508
496 -644 539
542 -645 639
497 -644 681
571 -733 637
570 -686 667
482 -660 740
413 -668 730
380 -703 638
312 -744 653
405 -789 567
409 -733 525
454 -808 447
540 -891 535
505 -979 512
450 -916 508
549 -951 514
548 -875 417
492 -815 376
406 -882 361
366 -859 381
379 -842 382
436 -742 314
382 -728 332
294 -674 342
365 -709 324
282 -754 291
286 -843 224
329 -883 321
403 -956 366
499 -862 322
412 -879 291
494 -864 357
533 -849 405
443 -846 354
398 -903 430
481 -939 508
565 -1025 557
641 -1013 640
624 -1032 576
692 -1057 569
620 -990 556
570 -1027 477
567 -985 459
549 -931 373
621 -932 359
560 -890 408
479 -805 451
436 -902 410
357 -995 435
332 -1077 473
275 -1030 436
332 -958 430
253 -950 434
264 -968 366
181 -953 440
98 -1005 354
139 -1094 268
190 -1033 270
173 -1019 175
137 -1012 265
116 -961 319
189 -948 269
240 -1034 245
300 -947 209
380 -979 305
442 -893 220
534 -944 206
585 -1028 266
505 -1106 311
428 -1197 315
365 -1144 366
451 -1122 389
383 -1195 383
350 -1118 407
387 -1062 475
341 -1014 552
353 -1047 501
345 -995 599
366 -924 666
430 -978 582
480 -953 570
450 -1037 545
512 -1101 482
491 -1076 472
392 -995 420
486 -1026 352
451 -999 323
516 -907 301
514 -858 391
526 -786 345
625 -726 295
710 -746 210
689 -808 246
697 -900 296
621 -919 238
554 -909 233
472 -899 183
377 -905 210
365 -928 287
360 -1012 325
437 -931 384
381 -879 449
410 -840 441
409 -814 468
454 -780 389
395 -809 382
449 -870 345
397 -867 422
345 -797 438
259 -860 532
254 -799 549
242 -830 483
300 -759 487
288 -690 496
351 -752 418
278 -789 433
329 -766 355
397 -772 417
471 -714 516
423 -707 586
458 -775 492
414 -853 476
367 -842 468
383 -757 402
326 -775 335
380 -720 350
455 -820 281
421 -743 234
387 -708 265
421 -808 313
384 -729 216
360 -655 146
331 -600 112
322 -517 66
257 -574 -3
167 -475 58
157 -562 89
65 -552 100
51 -479 168
50 -398 174
121 -351 103
202 -414 60
102 -394 36
27 -475 -45
55 -470 -79
120 -479 -55
75 -491 -85
151 -511 -23
232 -533 43
208 -445 79
155 -355 158
150 -256 181
181 -258 227
227 -249 157
217 -281 58
238 -293 149
313 -310 87
239 -341 127
230 -430 30
276 -523 -9
203 -598 52
134 -530 138
105 -533 44
122 -438 -36
99 -423 -7
149 -461 30
213 -495 130
235 -514 52
310 -542 109
212 -535 165
306 -560 172
316 -481 143
229 -489 88
214 -541 106
189 -579 118
278 -526 20
195 -456 -3
123 -410 63
114 -495 4
189 -517 -72
288 -448 -131
358 -435 -84
364 -399 3
425 -438 25
478 -490 -6
401 -579 36
449 -657 59
374 -715 50
402 -804 -37
430 -845 -87
431 -885 -138
430 -949 -46
368 -852 -66
389 -935 -81
479 -891 -43
552 -989 24
500 -1075 -62
435 -997 -62
433 -945 -21
481 -927 78
438 -880 35
387 -785 128
301 -846 193
295 -902 171
294 -882 92
245 -815 48
208 -889 -1
219 -966 -38
234 -1039 -109
144 -1001 -132
102 -1064 -42
44 -1012 -34
139 -945 5
213 -946 -20
280 -916 -113
297 -822 -93
297 -746 -182
305 -685 -179
278 -739 -108
184 -830 -17
206 -813 11
173 -802 19
77 -862 37
123 -877 124
110 -887 188
111 -813 100
201 -729 128
126 -766 77
124 -827 22
111 -793 15
205 -713 -34
189 -706 -25
181 -617 -42
277 -518 47
239 -526 37
326 -537 23
419 -629 -62
392 -693 -120
348 -631 -136
321 -595 -74
234 -550 -117
223 -521 -80
205 -476 -180
218 -393 -280
212 -458 -336
137 -423 -400
169 -360 -311
243 -369 -212
253 -319 -115
213 -386 -73
229 -445 -4
273 -471 82
209 -491 84
234 -499 162
295 -493 128
346 -444 228
404 -433 137
450 -455 60
489 -395 -26
577 -402 -69
624 -424 -116
599 -389 -121
550 -335 -211
473 -267 -264
538 -171 -360
603 -83 -311
695 -176 -340
740 -105 -395
815 -161 -307
773 -216 -347
772 -282 -283
859 -333 -264
869 -420 -211
832 -387 -159
769 -372 -64
696 -344 -159
765 -412 -244
700 -383 -193
695 -295 -104
780 -305 -112
851 -227 -193
792 -251 -228
866 -241 -221
917 -331 -139
946 -253 -112
966 -349 -87
974 -349 -162
981 -389 -191
1068 -317 -243
1086 -392 -232
1062 -468 -179
1117 -512 -100
1215 -541 -20
1122 -561 -6
1083 -500 -106
992 -416 -31
905 -413 7
821 -373 48
892 -419 56
929 -384 48
967 -393 -21
1054 -422 -31
1114 -352 68
1152 -413 94
1115 -332 2
1054 -260 -10
960 -304 71
861 -338 20
885 -313 113
869 -333 129
788 -412 225
688 -401 315
647 -347 264
703 -339 327
728 -435 277
702 -496 362
604 -542 344
606 -477 343
519 -519 316
479 -452 286
400 -509 227
336 -552 272
354 -496 219
403 -467 285
433 -400 296
336 -339 372
293 -417 390
351 -319 399
285 -256 340
326 -258 415
268 -294 334
246 -315 291
324 -409 193
310 -418 132
299 -387 226
223 -339 307
217 -393 272
144 -301 174
204 -202 137
147 -243 203
110 -282 255
123 -214 224
62 -262 293
18 -167 357
12 -171 349
-37 -113 308
-7 -82 239
-3 -150 177
53 -212 197
45 -129 263
76 -222 276
33 -177 216
-54 -165 137
-79 -139 73
-101 -139 34
-196 -192 1
-135 -129 82
-114 -82 -5
-90 17 48
-154 59 124
-141 -3 189
-134 82 266
-223 19 202
-316 -42 203
-248 33 265
-339 -28 184
-248 -97 158
-274 -90 145
-299 -2 228
-386 -5 297
-477 10 324
-551 81 315
-552 15 249
-500 100 267
-517 103 247
-601 165 334
-630 103 300
-544 45 251
-544 -39 275
-542 -60 345
-612 -67 379
-668 -36 465
-616 4 555
-685 -5 576
-679 1 649
-729 101 579
-708 69 634
-678 59 697
-599 107 791
-584 15 759
-498 18 704
496 22 25 25
-55 42 -4
5 39 -44
3 47 7
16 -12 -44
31 -67 -122
93 -43 -81
188 -63 -153
157 -150 -156
110 -156 -157
146 -105 -76
167 -186 -157
166 -114 -74
218 -46 -57
165 -138 -54
247 -174 21
216 -267 6
123 -323 -93
90 -377 -177
189 -464 -197
202 -560 -297
199 -515 -278
144 -450 -228
208 -461 -294
118 -438 -287
72 -534 -360
140 -464 -301
187 -504 -264
269 -572 -277
254 -665 -218
194 -642 -264
123 -702 -214
116 -784 -205
208 -731 -299
173 -766 -380
110 -808 -368
21 -747 -388
-50 -743 -331
-131 -646 -291
-58 -701 -289
-86 -761 -252
-4 -674 -329
-19 -720 -296
-109 -795 -314
-139 -831 -275
-69 -757 -313
-98 -821 -323
-42 -821 -356
-49 -835 -419
-90 -934 -440
-75 -976 -395
-101 -906 -392
-60 -882 -470
-98 -972 -563
-160 -896 -487
-132 -889 -559
-57 -819 -590
-55 -754 -582
30 -764 -505
4 -754 -451
97 -747 -356
73 -840 -297
125 -869 -374
208 -872 -435
166 -828 -489
189 -754 -518
105 -816 -445
76 -880 -375
110 -939 -287
54 -1029 -311
24 -1119 -277
60 -1171 -209
45 -1143 -276
-10 -1213 -238
-35 -1174 -312
60 -1130 -212
44 -1102 -306
14 -1111 -376
-63 -1148 -303
-77 -1242 -219
-156 -1291 -217
-204 -1341 -312
-155 -1416 -239
-100 -1431 -255
-31 -1492 -156
1 -1514 -207
-71 -1547 -147
-120 -1591 -57
-145 -1590 -78
-99 -1582 15
-157 -1522 76
-198 -1430 34
-216 -1390 105
-186 -1444 72
-179 -1473 3
-180 -1547 12
-142 -1527 -43
-179 -1552 -21
-176 -1578 -98
-76 -1547 -139
-20 -1530 -185
-6 -1555 -194
11 -1547 -124
7 -1622 -104
-21 -1594 -56
23 -1528 -23
1 -1543 58
90 -1597 154
42 -1525 224
-32 -1555 266
-121 -1622 183
-203 -1533 156
-286 -1574 191
-302 -1509 289
-322 -1573 318
-315 -1636 361
-230 -1602 411
-231 -1663 353
-187 -1686 388
-157 -1610 297
-199 -1604 199
-105 -1525 273
-49 -1560 248
-31 -1501 243
46 -1593 233
56 -1577 257
115 -1477 241
143 -1469 214
71 -1548 185
103 -1572 86
28 -1629 119
-39 -1564 216
29 -1561 138
101 -1627 214
180 -1726 235
144 -1638 206
231 -1558 303
233 -1642 221
318 -1610 241
369 -1554 271
415 -1578 193
504 -1674 152
552 -1650 247
641 -1629 339
676 -1674 282
602 -1761 380
692 -1772 388
782 -1719 476
792 -1766 547
843 -1781 504
925 -1836 561
1023 -1834 469
991 -1759 477
970 -1692 433
895 -1690 529
851 -1635 434
833 -1553 362
744 -1634 421
646 -1731 520
648 -1696 513
652 -1790 460
632 -1851 418
607 -1821 418
604 -1872 410
539 -1803 314
559 -1893 408
519 -1871 505
555 -1931 406
602 -1888 346
560 -1863 396
620 -1888 360
651 -1875 281
674 -1878 199
738 -1932 107
821 -1835 70
869 -1816 -20
923 -1854 -49
880 -1923 -131
869 -1973 -131
856 -2007 -139
858 -1982 -131
810 -1953 -141
886 -1875 -99
922 -1807 -198
835 -1811 -174
758 -1750 -170
738 -1845 -164
741 -1863 -157
773 -1948 -118
685 -2030 -218
667 -2081 -188
703 -1981 -107
667 -2032 -56
590 -2005 -65
529 -1946 -85
581 -1889 -175
585 -1803 -118
492 -1834 -207
581 -1896 -258
500 -1958 -269
593 -1889 -270
506 -1859 -353
534 -1767 -401
494 -1752 -409
587 -1725 -485
603 -1662 -417
680 -1740 -360
715 -1745 -336
791 -1839 -255
709 -1745 -237
714 -1665 -280
641 -1603 -228
699 -1579 -193
711 -1678 -251
699 -1643 -188
628 -1608 -191
572 -1646 -107
604 -1718 -189
504 -1778 -151
561 -1815 -154
586 -1876 -83
516 -1825 -60
513 -1776 -12
534 -1755 14
555 -1726 42
557 -1781 -20
459 -1795 -109
469 -1773 -141
421 -1701 -216
324 -1703 -306
338 -1634 -245
368 -1719 -189
402 -1818 -205
304 -1917 -106
359 -1924 -183
446 -2001 -274
502 -2022 -179
439 -1995 -231
363 -1957 -250
283 -1911 -168
337 -1908 -242
422 -1811 -293
443 -1791 -247
445 -1753 -294
370 -1728 -311
348 -1793 -236
309 -1743 -171
345 -1715 -202
271 -1757 -240
237 -1817 -202
319 -1746 -212
262 -1693 -265
287 -1594 -310
311 -1673 -360
220 -1683 -412
292 -1744 -486
241 -1739 -449
160 -1755 -451
203 -1672 -518
246 -1660 -463
258 -1629 -400
291 -1599 -429
191 -1658 -527
104 -1650 -491
70 -1608 -490
89 -1696 -422
20 -1674 -337
-69 -1642 -417
25 -1577 -433
72 -1567 -429
26 -1637 -338
-42 -1610 -390
-64 -1674 -439
-79 -1651 -534
-3 -1580 -520
88 -1673 -511
65 -1576 -474
45 -1552 -518
131 -1576 -429
118 -1535 -507
178 -1458 -507
183 -1359 -500
264 -1411 -533
355 -1394 -581
434 -1444 -576
486 -1352 -541
446 -1303 -565
484 -1389 -640
535 -1386 -690
588 -1454 -771
620 -1436 -801
589 -1418 -825
597 -1460 -898
680 -1458 -893
667 -1458 -943
762 -1442 -988
812 -1522 -925
794 -1487 -829
798 -1406 -894
800 -1326 -825
865 -1344 -774
822 -1351 -795
840 -1437 -695
826 -1531 -599
865 -1443 -529
842 -1402 -442
823 -1453 -482
893 -1456 -556
834 -1525 -530
874 -1447 -541
930 -1547 -572
905 -1461 -505
995 -1534 -463
1045 -1449 -458
1136 -1541 -488
1169 -1462 -560
1123 -1524 -523
1167 -1490 -590
1195 -1419 -498
1194 -1413 -491
1199 -1365 -420
1151 -1349 -456
1212 -1274 -549
1159 -1190 -618
1253 -1279 -661
1313 -1183 -587
1313 -1169 -633
1398 -1128 -671
1415 -1128 -746
1381 -1051 -700
1407 -1141 -769
1326 -1125 -817
1336 -1047 -798
1276 -974 -797
1213 -1008 -800
1243 -1079 -891
1300 -1017 -833
1211 -1085 -833
1283 -1003 -817
1229 -913 -745
1149 -829 -819
1243 -849 -738
1317 -787 -807
1337 -827 -894
1240 -898 -975
1229 -894 -925
1223 -920 -946
1151 -860 -941
1191 -825 -872
1091 -822 -934
1013 -888 -909
918 -907 -891
909 -994 -905
821 -894 -950
780 -931 -906
789 -1016 -807
749 -1029 -831
652 -931 -858
710 -855 -839
777 -929 -925
692 -868 -1016
657 -912 -931
646 -1000 -980
694 -923 -958
663 -1006 -875
744 -1056 -855
828 -1151 -795
764 -1105 -867
824 -1167 -854
751 -1071 -864
755 -1082 -836
664 -1094 -927
691 -1021 -999
666 -921 -967
659 -901 -987
560 -1001 -937
587 -921 -1014
532 -964 -1002
556 -1040 -1018
650 -1071 -972
724 -1073 -888
649 -993 -801
585 -1043 -744
655 -1087 -739
632 -1036 -715
662 -983 -705
572 -961 -645
628 -961 -640
621 -1015 -551
554 -967 -624
589 -1065 -565
618 -979 -574
632 -1071 -655
637 -1055 -691
642 -1063 -676
597 -1038 -715
695 -1035 -790
662 -1020 -694
662 -975 -609
667 -926 -664
725 -916 -622
825 -941 -690
762 -1015 -724
784 -921 -700
848 -907 -633
890 -827 -715
989 -746 -725
1082 -676 -638
989 -714 -646
938 -739 -599
895 -798 -591
989 -812 -630
1043 -851 -544
1068 -904 -493
1113 -967 -556
1021 -890 -624
1077 -861 -564
985 -763 -560
1023 -674 -621
1121 -753 -637
1198 -682 -724
1161 -613 -787
1150 -676 -822
1201 -697 -806
1167 -601 -899
1144 -636 -889
1133 -629 -859
1200 -582 -882
1193 -520 -933
1098 -435 -1001
1174 -388 -961
1093 -485 -874
1039 -491 -849
1099 -520 -884
1157 -530 -870
1131 -529 -781
1156 -465 -699
1228 -467 -630
1195 -405 -595
1137 -420 -512
1048 -507 -464
1014 -495 -434
936 -560 -371
897 -482 -279
815 -441 -355
736 -430 -295
716 -517 -296
672 -594 -244
745 -663 -237
647 -701 -147
742 -765 -247
777 -738 -324
864 -827 -417
772 -917 -356
673 -915 -276
601 -930 -226
525 -893 -134
497 -833 -117
424 -921 -65
347 -858 -162
401 -875 -219
303 -872 -213
213 -790 -264
159 -754 -273
217 -759 -343
210 -831 -414
305 -748 -343
289 -776 -263
308 -684 -283
298 -685 -218
341 -702 -251
398 -730 -306
433 -646 -226
490 -685 -172
578 -687 -160
632 -709 -90
578 -758 -190
654 -809 -232
665 -737 -147
585 -806 -136
641 -832 -152
671 -796 -125
631 -767 -176
624 -674 -238
561 -597 -335
521 -532 -356
543 -579 -425
503 -656 -484
486 -688 -503
518 -662 -514
591 -672 -436
612 -632 -499
589 -702 -402
570 -691 -471
635 -676 -498
678 -706 -573
735 -693 -556
367 1 10 11
41 20 78
52 -71 58
134 2 157
98 -64 135
167 18 173
218 55 228
184 12 217
201 66 311
201 87 314
131 69 343
184 128 304
247 120 278
162 38 275
200 -5 274
281 40 363
255 5 282
301 -61 231
329 -16 187
425 -111 237
523 -48 223
548 7 321
449 56 417
479 85 506
459 44 570
542 130 639
622 160 550
598 206 582
636 252 674
638 276 676
590 292 577
504 318 659
468 382 605
412 461 610
316 455 606
264 363 643
222 455 554
149 488 461
210 500 404
310 511 348
238 561 320
267 599 271
222 644 349
271 663 356
331 614 345
319 675 400
327 628 478
357 540 533
298 462 520
238 417 595
220 463 645
220 534 691
246 545 605
313 461 636
317 443 686
265 531 649
335 525 683
433 601 717
467 688 768
534 777 805
616 697 815
705 636 787
716 586 792
733 546 831
652 550 823
580 453 829
626 381 779
565 338 696
549 381 613
477 352 551
521 394 583
447 384 655
505 378 719
500 278 625
591 361 636
690 318 546
780 264 588
793 344 523
797 391 600
790 447 573
754 484 612
801 401 689
873 428 764
877 406 854
962 349 856
993 325 885
1018 412 937
932 321 932
996 418 983
976 382 961
1013 300 929
1031 249 970
937 222 1008
938 145 1034
929 176 960
877 101 868
945 200 927
852 229 859
797 167 804
826 240 720
795 311 713
776 254 682
763 274 624
683 302 548
764 289 467
716 262 502
735 235 550
643 242 607
717 209 558
768 144 503
695 87 497
751 -6 447
667 29 522
626 24 575
598 0 631
498 -94 730
421 -156 815
427 -151 903
451 -93 990
383 -162 894
446 -198 942
524 -285 983
571 -367 991
645 -287 915
724 -371 979
626 -392 974
569 -388 964
474 -457 921
431 -526 997
393 -439 1004
294 -341 948
257 -318 869
285 -325 950
211 -349 1021
157 -343 935
184 -277 1009
144 -298 981
195 -281 951
141 -241 943
80 -182 997
140 -162 1008
94 -221 1084
101 -291 1113
99 -305 1176
172 -237 1200
260 -326 1112
176 -399 1126
76 -325 1114
-9 -294 1126
-28 -231 1086
-81 -226 1089
-148 -172 1012
-126 -190 1042
-78 -159 1115
-169 -122 1201
-103 -195 1195
-125 -152 1279
-62 -84 1307
-38 -12 1319
-107 59 1285
-131 101 1335
-153 125 1253
-222 135 1256
-253 102 1244
-186 138 1285
-205 168 1235
-285 244 1232
-203 294 1218
-281 291 1202
-282 384 1236
-351 300 1305
-359 300 1296
-292 210 1392
-221 259 1374
-144 220 1430
-60 285 1429
-145 361 1518
-232 355 1523
-196 285 1519
-291 353 1482
-238 421 1495
-334 500 1446
-317 482 1509
-246 410 1425
-343 503 1417
-329 519 1339
-291 604 1258
-195 517 1286
-270 460 1268
-172 488 1248
-78 391 1157
-77 306 1173
-150 234 1260
-187 275 1205
-146 374 1156
-59 394 1255
31 451 1235
77 500 1226
158 600 1222
71 548 1187
19 491 1265
-18 548 1364
14 631 1464
94 565 1508
16 508 1553
-54 485 1461
3 488 1435
57 401 1437
94 426 1370
113 448 1316
188 439 1352
115 468 1388
42 500 1349
11 548 1361
-2 582 1345
52 657 1378
111 638 1398
19 597 1453
-75 510 1487
-22 574 1516
-38 551 1433
-66 591 1470
-25 634 1524
-78 687 1519
-159 643 1563
-238 621 1475
-307 594 1379
-337 631 1283
-424 680 1304
-421 620 1341
-373 680 1280
-311 678 1336
-251 687 1249
-261 601 1258
-211 537 1339
-123 626 1269
-107 665 1286
-169 657 1357
-243 584 1258
-301 516 1324
-335 421 1260
-356 508 1188
-425 496 1275
-368 574 1201
-407 598 1196
-488 501 1192
-389 420 1187
-451 367 1194
-460 353 1152
-546 256 1212
-609 236 1178
-592 288 1159
-544 360 1113
-628 422 1114
-553 395 1156
-465 391 1195
-539 415 1163
-517 466 1091
-546 519 1125
-586 591 1147
-638 549 1192
-724 597 1176
-722 612 1247
-692 545 1309
-714 631 1217
-640 688 1185
-740 643 1236
-789 579 1289
-740 671 1275
-767 742 1335
-812 755 1386
-804 738 1349
-784 717 1416
-753 761 1437
-828 663 1345
-811 743 1328
-909 656 1381
-974 626 1386
-1074 713 1373
-1146 661 1409
-1142 701 1448
-1112 710 1452
-1174 699 1377
-1211 626 1360
-1144 682 1315
-1169 629 1355
-1251 534 1396
-1230 587 1472
-1218 621 1481
-1261 688 1446
-1172 763 1398
-1228 663 1467
-1142 656 1566
-1188 588 1471
-1126 492 1452
-1127 558 1357
-1120 540 1277
-1097 540 1246
-1163 559 1291
-1065 514 1198
-1092 525 1136
-1055 427 1099
-1117 505 1065
-1112 545 1046
-1141 553 978
-1104 635 950
-1092 626 1042
-1031 649 1076
-980 632 1036
-1072 714 1096
-1136 666 1005
-1103 735 922
-1089 707 917
-1025 788 850
-1003 809 866
-991 902 952
-991 851 984
-924 907 924
-855 957 979
-773 968 932
-687 901 839
-771 916 925
-789 851 952
-877 800 938
-833 899 879
-805 852 960
-737 839 935
-649 921 918
-657 903 883
-614 832 831
-635 793 756
-610 797 813
-512 757 787
-430 703 812
-507 773 883
-600 834 803
-554 861 746
-626 807 727
-531 717 775
-471 702 839
-459 794 754
-477 823 698
-442 873 638
-364 973 687
-301 930 727
-291 970 802
-347 1032 773
-391 971 794
-441 1056 853
-377 1085 770
-366 1003 842
-366 1096 776
-330 1041 680
-271 1017 637
-369 919 589
-463 972 612
-436 999 582
-536 979 569
-473 997 515
-462 989 591
-405 990 547
-462 914 469
-475 902 566
-535 992 563
-596 1047 620
-663 992 676
-687 1076 577
-688 1063 499
219 13 16 29
-70 -51 87
-30 21 185
31 43 136
26 82 152
53 48 137
-3 -39 112
11 -64 49
88 -138 -22
26 -120 -72
63 -94 12
95 -2 16
137 -96 -42
147 -98 -45
210 -176 -23
289 -120 -62
355 -205 -56
362 -236 -34
393 -221 -56
443 -235 -72
532 -185 -13
587 -155 68
505 -72 21
441 -123 92
432 -102 45
352 -102 -49
431 -10 -144
424 4 -169
473 -13 -106
465 -36 -76
468 -107 -52
535 -142 -112
472 -179 -146
425 -201 -70
524 -101 12
529 -166 -74
503 -240 -23
547 -198 -10
566 -156 -4
588 -157 -34
646 -220 -1
635 -305 8
704 -271 -34
718 -274 -88
664 -248 -95
666 -201 -78
724 -164 -154
648 -129 -119
697 -42 -200
634 -55 -283
596 -146 -236
524 -176 -333
524 -226 -326
586 -137 -415
663 -153 -509
569 -102 -555
558 -157 -595
651 -148 -619
634 -242 -549
678 -143 -539
670 -90 -637
761 -75 -544
840 -140 -482
869 -188 -451
902 -230 -419
946 -146 -488
994 -243 -520
1079 -191 -603
1114 -275 -535
1062 -175 -539
998 -131 -531
967 -159 -519
958 -229 -546
1049 -185 -638
1048 -262 -591
1037 -175 -531
949 -90 -470
897 -136 -566
923 -92 -655
983 -11 -737
1074 36 -748
1094 103 -786
1120 60 -740
1074 -35 -673
1035 3 -733
974 63 -656
949 10 -618
921 91 -672
834 162 -674
876 202 -758
849 238 -703
911 188 -762
1001 179 -852
924 159 -814
964 76 -900
1017 76 -808
1039 175 -834
943 125 -803
1016 53 -790
1063 -46 -831
1124 18 -807
1115 118 -811
1101 114 -723
1105 121 -774
1083 219 -843
1096 215 -912
1160 224 -856
1086 316 -925
1163 267 -1024
1214 258 -930
1191 281 -888
1286 308 -909
1200 330 -833
1204 307 -769
1210 306 -850
1191 394 -929
1212 378 -881
1211 340 -865
1234 290 -874
1159 312 -887
1084 350 -918
1152 426 -931
1166 356 -877
1239 351 -907
1331 341 -868
1249 362 -963
1239 358 -1016
1339 341 -1023
1259 407 -944
1208 325 -948
1144 300 -990
1123 389 -942
1040 342 -958
950 354 -1055
985 293 -1018
1029 254 -1066
1090 292 -1047
1151 382 -964
1137 301 -883
1102 208 -915
1166 181 -885
1123 256 -813
1144 253 -869
1082 309 -936
1028 231 -1003
957 142 -1018
1042 189 -1048
1106 204 -951
1118 116 -986
1028 108 -1035
1055 183 -1004
961 86 -1079
1060 167 -1050
1016 181 -984
916 197 -1040
953 140 -1127
853 177 -1120
898 163 -1076
878 96 -1156
831 188 -1094
805 115 -1178
848 152 -1214
796 59 -1146
736 -40 -1118
734 25 -1199
830 -15 -1146
894 21 -1203
966 120 -1234
924 217 -1249
840 295 -1229
753 269 -1280
836 339 -1359
753 386 -1321
684 466 -1393
770 477 -1362
775 533 -1308
830 594 -1221
879 688 -1223
833 741 -1125
916 834 -1149
1010 909 -1055
1100 987 -1116
1164 932 -1035
1191 989 -1038
1205 1068 -971
1185 1050 -995
1238 1061 -954
1213 1084 -970
1174 1038 -899
1163 1123 -924
1084 1100 -927
1104 1004 -919
1037 944 -995
979 987 -1027
976 1059 -1065
944 1029 -1120
1037 1081 -1123
1108 1038 -1089
1203 964 -1162
1203 950 -1213
1295 895 -1164
1260 959 -1208
1274 903 -1147
1357 943 -1244
1390 852 -1165
1300 931 -1225
1290 976 -1175
1291 1035 -1107
1339 1019 -1095
1275 925 -1038
1299 1016 -1127
1285 958 -1222
1246 1033 -1201
1209 953 -1200
1135 1051 -1299
1157 1139 -1398
1085 1161 -1496
990 1217 -1469
939 1169 -1476
1010 1192 -1423
365 1 10 11
-17 56 10
-91 143 -64
-156 186 -157
-167 282 -165
-137 211 -73
-50 232 -160
-22 294 -114
-87 224 -101
-131 298 -39
-59 316 3
-91 354 62
-88 262 131
-99 271 100
-131 278 156
-42 227 169
0 317 119
24 239 88
-40 315 10
25 411 104
-16 389 5
-39 343 11
-137 361 -76
-154 400 -21
-216 465 33
-260 467 -60
-166 503 -13
-144 429 -105
-211 410 -111
-302 367 -137
-210 427 -237
-274 386 -230
-260 316 -251
-179 298 -206
-87 239 -202
-51 295 -232
13 311 -331
-50 397 -319
-89 457 -294
-182 517 -294
-247 527 -253
-343 428 -307
-265 414 -338
-334 348 -301
-288 289 -344
-251 383 -363
-351 323 -346
-437 302 -434
-503 363 -503
-472 399 -514
-440 378 -440
-384 322 -363
-309 408 -293
-272 506 -328
-288 579 -382
-328 576 -474
-352 650 -535
-311 727 -493
-346 823 -565
-419 786 -549
-371 766 -546
-415 700 -636
-479 625 -715
-497 620 -629
-457 692 -542
-418 599 -502
-415 667 -557
-487 568 -505
-398 645 -535
-324 651 -491
-242 598 -454
-277 574 -426
-282 490 -378
-251 546 -443
-261 559 -411
-305 568 -364
-218 520 -338
-275 515 -435
-280 495 -493
-355 457 -479
-288 498 -456
-300 522 -512
-236 597 -556
-179 510 -514
-188 557 -597
-158 631 -689
-177 710 -689
-219 687 -662
-147 736 -594
-219 821 -563
-229 812 -526
-201 771 -619
-156 833 -648
-172 919 -730
-245 917 -735
-145 915 -799
-226 935 -838
-161 1015 -771
-256 1025 -771
-191 1058 -859
-290 1141 -867
-366 1104 -854
-307 1158 -868
-221 1100 -936
-290 1166 -932
-311 1078 -1026
-382 1048 -1070
-364 1106 -999
-367 1193 -995
-381 1264 -943
-376 1362 -951
-446 1321 -903
-490 1224 -962
-495 1296 -984
-538 1338 -913
-573 1414 -952
-653 1458 -1014
-723 1527 -1002
-652 1505 -909
-625 1556 -928
-576 1624 -962
-676 1586 -908
-644 1584 -880
-700 1534 -789
-660 1606 -821
-621 1558 -921
-622 1588 -825
-628 1641 -896
-551 1712 -988
-633 1729 -969
-538 1732 -884
-498 1694 -833
-577 1789 -845
-642 1878 -810
-645 1846 -847
-554 1812 -929
-499 1844 -1019
-515 1793 -1012
-530 1701 -992
-565 1742 -955
-483 1726 -1004
-556 1717 -956
-537 1717 -894
-555 1685 -960
-592 1729 -988
-503 1647 -970
-451 1595 -891
-485 1593 -836
-451 1673 -763
-546 1688 -693
-518 1742 -606
-536 1788 -552
-553 1819 -558
-583 1758 -557
-590 1722 -578
-676 1692 -666
-747 1732 -718
-771 1645 -699
-818 1649 -795
-805 1596 -888
-851 1690 -975
-839 1753 -991
-845 1705 -984
-900 1723 -985
-818 1790 -897
-918 1870 -840
-868 1822 -938
-862 1814 -953
-828 1851 -942
-917 1758 -850
-947 1671 -848
-915 1646 -942
-944 1699 -911
-972 1704 -994
-904 1654 -935
-972 1644 -992
-999 1687 -1040
-932 1665 -1080
-1027 1701 -1133
-1029 1673 -1135
-964 1682 -1107
-980 1609 -1060
-888 1701 -1123
-928 1705 -1155
-898 1736 -1149
-813 1762 -1176
-756 1862 -1096
-855 1865 -1157
-769 1809 -1084
-723 1838 -1147
-717 1874 -1138
-802 1853 -1207
-725 1940 -1223
-768 1886 -1201
-859 1957 -1270
-913 1897 -1362
-914 1860 -1378
-958 1907 -1475
-860 1925 -1411
-852 1976 -1418
-798 1876 -1509
-849 1820 -1481
-754 1901 -1480
-704 1990 -1546
-716 2012 -1503
-815 2089 -1469
-716 2157 -1431
-764 2140 -1383
-818 2107 -1481
-741 2179 -1573
-650 2118 -1486
-635 2161 -1535
-661 2238 -1524
-742 2154 -1437
-801 2117 -1413
-784 2041 -1317
-874 2080 -1268
-898 2053 -1225
-856 2093 -1133
-830 2093 -1221
-847 2005 -1226
-826 2091 -1130
-729 2030 -1122
-806 2096 -1140
-726 2025 -1073
-631 2025 -1078
-574 1933 -1049
-591 2002 -1097
-598 1978 -1075
-633 1951 -1006
-581 1941 -1055
-598 2007 -982
-524 2081 -908
-613 2165 -846
-579 2258 -880
-671 2269 -819
-691 2229 -811
-630 2217 -871
-590 2198 -880
-598 2285 -945
-569 2199 -965
-495 2259 -944
-431 2342 -848
-485 2324 -796
-431 2244 -881
-344 2310 -836
-433 2398 -900
-364 2334 -976
-398 2328 -916
-410 2379 -945
-425 2458 -1037
-437 2542 -1115
-397 2511 -1031
-478 2478 -1024
-577 2447 -1008
-657 2418 -1041
-734 2358 -1099
-666 2394 -1152
-581 2404 -1120
-654 2372 -1052
-733 2356 -1042
-778 2380 -987
-797 2465 -991
-815 2427 -1005
-863 2424 -938
-809 2368 -1013
-815 2468 -972
-866 2376 -932
-898 2448 -991
-962 2526 -1016
-932 2456 -1080
-894 2383 -1154
-988 2439 -1119
-1058 2345 -1217
-1060 2361 -1243
-961 2436 -1280
-1046 2390 -1247
-986 2384 -1191
-1012 2430 -1239
-1073 2491 -1324
-1133 2476 -1252
-1210 2524 -1195
-1290 2475 -1139
-1390 2383 -1196
-1437 2368 -1142
-1535 2286 -1172
-1604 2279 -1219
-1680 2273 -1205
-1628 2365 -1280
-1570 2346 -1308
-1585 2361 -1355
-1627 2436 -1439
-1544 2509 -1410
-1578 2466 -1354
-1616 2466 -1338
-1583 2565 -1333
-1652 2524 -1391
-1643 2608 -1340
-1597 2585 -1358
-1592 2639 -1375
-1630 2593 -1463
-1595 2573 -1424
-1514 2659 -1489
-1505 2566 -1558
-1524 2642 -1598
-1519 2586 -1695
-1619 2606 -1708
-1581 2530 -1624
-1498 2482 -1611
-1538 2558 -1538
-1591 2523 -1441
-1630 2577 -1518
-1678 2483 -1474
-1729 2411 -1452
-1810 2343 -1386
-1721 2286 -1388
-1628 2252 -1471
-1566 2294 -1464
-1585 2343 -1392
-1669 2294 -1323
-1763 2352 -1276
-1814 2337 -1351
-1773 2263 -1410
-1682 2340 -1446
-1650 2393 -1417
-1651 2479 -1458
-1603 2397 -1446
-1663 2492 -1374
-1732 2579 -1469
-1786 2591 -1428
-1882 2669 -1333
-1945 2752 -1259
-1903 2814 -1207
-1851 2765 -1209
-1937 2833 -1175
-2024 2849 -1173
-2051 2821 -1088
-1979 2762 -1014
-1890 2824 -1084
-1800 2762 -1096
-1806 2847 -1109
-1838 2878 -1175
-1884 2931 -1206
-1841 2849 -1165
-1929 2907 -1178
-1914 2851 -1167
-1966 2894 -1076
-1947 2959 -1007
-1856 2988 -1021
-1952 3058 -948
-1998 3020 -963
-2044 3101 -877
-2136 3086 -830
-2225 3030 -817
-2197 3115 -908
-2149 3174 -832
-2095 3204 -812
-2032 3230 -740
-1940 3327 -726
-1894 3325 -793
-1972 3412 -694
-1915 3315 -748
-2004 3309 -666
-2041 3293 -754
-2029 3219 -715
-1986 3137 -733
320 1 10 15
-61 -91 -47
-25 -141 -98
-114 -193 -94
-154 -113 -67
-73 -112 -117
-111 -15 -150
-100 -59 -105
-142 -131 -14
-162 -218 -3
-155 -211 0
-143 -136 -50
-237 -203 -130
-283 -218 -178
-263 -272 -131
-216 -357 -190
-187 -398 -206
-206 -467 -300
-240 -438 -283
-274 -342 -300
-263 -332 -292
-333 -267 -321
-372 -285 -403
-354 -284 -362
-396 -212 -309
-316 -253 -309
-409 -343 -244
-432 -272 -187
-509 -269 -237
-604 -256 -153
-598 -259 -221
-524 -323 -263
-450 -317 -243
-445 -344 -264
-433 -369 -352
-513 -377 -324
-441 -332 -335
-500 -278 -284
-465 -292 -192
-533 -273 -243
-502 -267 -187
-409 -226 -251
-390 -303 -332
-458 -345 -417
-424 -324 -495
-421 -415 -554
-464 -451 -555
-413 -449 -517
-337 -510 -447
-421 -600 -503
-466 -574 -419
-415 -495 -410
-400 -466 -403
-480 -545 -305
-454 -482 -317
-447 -392 -312
-426 -379 -235
-368 -378 -267
-335 -349 -313
-403 -338 -255
-458 -432 -265
-427 -494 -205
-465 -556 -154
-461 -509 -218
-406 -423 -216
-414 -490 -136
-373 -432 -210
-320 -351 -237
-369 -360 -239
-343 -375 -156
-298 -299 -135
-249 -279 -79
-167 -351 -155
-237 -256 -211
-270 -281 -261
-281 -195 -190
-264 -200 -150
-267 -272 -234
-315 -196 -267
-367 -105 -328
-360 -80 -411
-415 -135 -436
-423 -125 -341
-323 -134 -267
-282 -137 -245
-299 -179 -206
-204 -206 -272
-217 -270 -349
-205 -216 -411
-270 -155 -367
-245 -74 -350
-271 -94 -381
-327 -46 -386
-372 -113 -425
-388 -15 -470
-395 -71 -385
-408 -117 -363
-374 -170 -361
-404 -232 -312
-314 -135 -242
-339 -101 -223
-272 -2 -232
-278 75 -275
-235 103 -295
-299 16 -253
-292 -47 -158
-231 -24 -120
-153 21 -129
-179 42 -58
-165 60 -120
-157 0 -81
-87 -19 -41
-108 -72 58
-201 -36 63
-107 -61 -17
-84 -25 65
13 -63 165
-17 -123 91
49 -203 108
100 -213 24
46 -294 -44
44 -375 -55
76 -402 -62
85 -309 -22
142 -366 -42
231 -326 -7
328 -416 25
266 -475 40
188 -381 67
274 -343 137
194 -277 84
166 -349 29
134 -439 104
229 -394 157
168 -433 119
93 -453 60
169 -388 2
181 -316 -44
116 -308 -40
167 -309 54
103 -232 147
4 -331 112
-15 -285 125
-45 -313 131
44 -277 198
98 -247 268
55 -216 279
50 -160 352
77 -137 334
92 -53 259
150 -20 228
109 48 299
90 6 274
35 -44 267
114 2 358
157 -44 375
125 28 293
76 -40 289
113 -134 201
128 -221 206
46 -182 166
35 -212 236
-29 -310 308
-110 -280 307
-180 -305 303
-177 -265 243
-277 -176 217
-206 -79 218
-295 -107 136
-288 -131 42
-330 -63 -20
-324 -143 75
-321 -184 64
-284 -136 52
-243 -136 51
-151 -225 150
-251 -229 119
-151 -254 50
-52 -223 -14
-117 -278 -47
-162 -299 -136
-166 -269 -98
-232 -239 -86
-229 -264 -67
-186 -242 -18
-219 -251 -52
-209 -232 -100
-265 -159 -39
-285 -141 41
-241 -196 -9
-271 -263 17
-248 -274 29
-171 -331 43
-192 -417 19
-147 -386 -59
-224 -308 -105
-206 -363 -60
-204 -316 -150
-289 -330 -54
-343 -301 46
-349 -273 88
-418 -198 19
-468 -285 -44
-465 -239 -32
-439 -302 -52
-511 -325 -108
-573 -249 -147
-544 -246 -56
-576 -161 -98
-561 -232 -146
-480 -283 -73
-419 -324 -132
-394 -396 -66
-364 -304 -106
-369 -286 -53
-286 -258 -98
-245 -267 -128
-212 -298 -118
-166 -230 -53
-152 -248 -58
-116 -213 -83
-185 -179 -143
-104 -219 -106
-198 -298 -8
-110 -255 41
-29 -245 24
-72 -262 101
-45 -265 40
-43 -270 -42
39 -185 -53
32 -147 -112
-65 -181 -167
-67 -216 -259
-124 -178 -200
-205 -194 -198
-297 -167 -212
-243 -105 -216
-194 -125 -206
-188 -59 -128
-252 -67 -129
-214 16 -40
-119 -6 -59
-117 19 -143
-104 89 -62
-172 83 33
-97 93 -4
-187 100 79
-108 75 28
-127 -18 99
-192 -37 53
-181 -69 137
-161 -115 70
-68 -48 -21
-54 -43 31
-15 -99 -49
56 -155 -15
-29 -58 74
-129 -2 166
-172 -89 143
-188 -163 162
-98 -178 174
-62 -152 263
-99 -228 236
-130 -162 136
-76 -262 197
8 -333 108
27 -361 98
-72 -402 123
-131 -385 186
-153 -470 207
-171 -455 270
-92 -551 323
-72 -639 282
-36 -553 304
-128 -536 316
-89 -450 287
-126 -506 211
-124 -500 207
-161 -516 263
-135 -498 177
-211 -505 216
-161 -408 125
-239 -507 50
-148 -540 -23
-157 -477 59
-113 -569 96
-198 -544 43
-272 -458 -35
-279 -542 -58
-212 -627 -126
-123 -600 -36
-110 -673 14
-74 -592 56
6 -562 134
47 -495 79
20 -505 174
100 -495 138
185 -434 177
260 -398 143
213 -361 85
213 -368 -10
236 -420 21
184 -444 44
151 -535 116
89 -448 43
126 -441 8
45 -348 57
102 -350 -10
201 -361 -97
185 -313 -169
176 -236 -220
127 -249 -236
63 -198 -252
-6 -137 -256
17 -61 -255
83 -139 -241
180 -95 -232
174 -84 -309
157 -109 -247
236 -165 -173
148 -124 -242
319 8 12 29
-23 8 -59
-24 3 -49
75 77 -12
87 172 33
-1 136 124
-68 112 159
-41 112 196
54 96 258
65 164 323
53 231 353
45 195 306
109 237 395
128 279 456
82 262 510
94 281 485
90 271 401
63 183 477
34 218 409
-14 273 411
-1 361 495
-82 357 580
-6 403 571
22 486 565
63 393 564
57 308 619
33 404 628
-45 373 704
8 443 798
-45 448 754
33 446 751
55 451 723
10 440 730
-41 443 716
-74 530 802
25 560 725
-59 530 770
-19 476 693
-110 376 714
-98 412 696
-144 450 753
-71 416 685
-150 446 688
-224 380 603
-299 389 513
-276 346 498
-368 402 583
-418 379 603
-426 438 504
-378 412 597
-357 347 566
-393 370 573
-455 427 495
-489 515 522
-453 415 560
-452 427 586
-357 343 564
-336 443 556
-416 512 595
-436 583 673
-347 641 698
-276 577 795
-258 533 775
-227 578 784
-214 509 718
-312 608 802
-244 515 839
-279 557 770
-248 562 832
-195 522 890
-212 480 844
-233 463 821
-315 450 826
-353 486 909
-427 469 955
-440 378 908
-349 350 1000
-345 287 984
-349 264 1051
-259 317 1138
-166 341 1180
-231 401 1130
-232 487 1106
-238 494 1090
-244 507 1144
-275 470 1172
-194 400 1087
-290 423 1141
-297 448 1150
-331 442 1194
-252 501 1169
-280 562 1225
-260 544 1188
-238 622 1176
-331 560 1114
-266 578 1168
-287 673 1263
-309 647 1279
-320 585 1201
-248 591 1159
-254 618 1163
-293 701 1066
-198 719 968
-228 769 1019
-208 843 1057
-118 919 1074
-135 932 1134
-123 1004 1115
-130 955 1153
-78 1024 1222
17 1113 1153
-25 1181 1055
46 1145 993
8 1217 1080
24 1250 1093
75 1200 1018
32 1195 1039
54 1112 1054
137 1089 968
70 1185 910
84 1102 1004
5 1200 930
30 1107 882
66 1111 892
0 1098 795
79 1164 805
3 1155 705
-78 1072 681
-143 1086 750
-236 1138 727
-184 1071 718
-173 981 708
-95 995 664
-10 910 589
77 953 573
-10 915 519
-98 892 422
-8 803 370
-90 712 330
-117 675 405
-61 633 400
-46 688 338
-9 709 263
89 622 251
166 610 167
195 551 202
132 547 293
201 558 224
216 612 291
186 619 280
115 575 369
172 588 427
245 682 517
293 583 519
377 559 507
375 590 548
447 525 459
424 577 536
505 586 616
527 565 613
575 638 667
537 629 635
626 542 560
648 620 552
685 556 486
686 465 401
768 506 423
861 424 331
867 518 380
811 498 330
825 424 374
821 398 344
837 487 331
873 573 331
876 597 247
832 585 148
778 680 89
697 767 180
735 710 94
698 703 71
782 792 -11
687 861 5
665 836 33
685 746 64
661 725 87
731 755 145
654 665 186
562 716 283
498 685 188
552 750 277
557 705 210
646 780 194
583 843 201
597 824 211
567 807 296
501 774 348
531 829 391
456 817 434
459 733 490
421 749 480
501 815 520
513 744 462
591 839 367
512 910 417
464 911 438
537 951 343
598 892 280
679 847 222
761 793 267
756 698 263
725 672 199
679 668 221
592 613 267
643 586 346
680 629 437
733 681 445
749 753 527
714 847 582
768 920 673
728 979 713
648 994 689
599 1048 689
608 1127 609
558 1127 590
462 1169 666
455 1178 699
466 1093 716
392 1171 802
474 1169 702
405 1078 681
482 1022 690
567 1086 619
592 990 715
643 927 729
692 976 692
685 1024 712
746 997 640
768 948 718
675 898 705
629 821 700
714 831 754
793 840 669
734 814 598
784 800 622
827 872 571
731 851 486
703 816 575
624 748 651
581 778 580
499 877 540
469 928 466
531 828 493
563 877 540
517 944 624
527 1043 700
453 963 792
445 912 853
385 928 833
299 954 820
294 871 906
321 816 839
319 728 905
279 779 922
326 798 899
384 791 964
363 768 874
349 782 817
315 832 719
370 733 771
311 741 787
334 649 710
319 621 636
304 721 644
385 775 642
412 753 556
397 831 576
430 746 619
520 755 525
458 784 511
414 743 472
478 819 434
470 882 448
508 801 513
562 705 429
514 668 385
448 750 358
505 783 434
487 780 449
439 798 414
372 783 432
465 861 396
497 943 440
447 1035 517
462 1123 466
559 1122 565
658 1036 524
621 1017 486
680 945 450
603 921 394
539 884 385
618 956 390
612 880 292
670 859 350
637 906 252
679 818 174
622 812 101
526 754 117
504 752 135
479 725 233
489 744 294
495 792 212
483 707 122
434 785 183
503 812 160
422 779 123
371 807 159
467 783 83
495 769 97
443 846 130
499 780 44
304 9 22 24
-67 -79 -91
1 -126 -164
-63 -112 -148
-149 -210 -242
-83 -154 -210
-28 -99 -310
14 -78 -231
44 -117 -254
0 -37 -293
-58 -90 -377
-8 -16 -379
-11 40 -477
41 99 -551
67 43 -561
82 142 -547
-18 176 -572
-2 176 -621
76 105 -565
93 157 -584
112 60 -610
210 25 -681
287 33 -705
204 -2 -732
175 32 -635
107 -55 -628
164 -35 -666
134 -8 -599
183 -63 -533
268 7 -435
194 89 -410
217 4 -464
193 41 -526
169 -48 -528
213 -45 -622
145 -40 -627
191 -79 -534
136 -116 -518
229 -131 -611
136 -208 -708
90 -301 -733
183 -274 -793
253 -336 -729
238 -349 -817
274 -291 -910
223 -325 -941
295 -374 -887
249 -444 -907
331 -368 -848
245 -355 -878
271 -420 -795
310 -423 -870
345 -346 -787
370 -314 -867
330 -402 -909
401 -444 -991
387 -530 -999
428 -515 -1055
329 -484 -1078
426 -466 -1068
445 -448 -1022
414 -391 -981
471 -364 -978
477 -435 -990
565 -383 -899
487 -339 -895
542 -437 -880
560 -490 -793
657 -477 -722
653 -531 -724
742 -508 -647
793 -421 -687
794 -493 -742
856 -462 -838
789 -541 -903
778 -614 -895
736 -710 -840
794 -714 -878
878 -757 -847
841 -808 -883
900 -736 -902
888 -705 -813
964 -632 -719
1000 -718 -676
1009 -755 -645
986 -666 -731
1028 -615 -697
997 -597 -712
1020 -679 -804
1052 -613 -704
1089 -548 -804
1088 -451 -814
1063 -507 -770
980 -570 -817
1056 -605 -727
995 -644 -734
1059 -662 -817
1077 -638 -801
1052 -679 -869
1041 -722 -804
980 -683 -724
936 -644 -697
928 -692 -703
985 -719 -758
1085 -817 -811
1145 -889 -857
1136 -857 -894
1182 -888 -967
1187 -807 -1044
1198 -839 -960
1158 -848 -888
1153 -766 -826
1250 -832 -891
1315 -773 -833
1394 -675 -748
1489 -701 -699
1475 -643 -735
1527 -572 -735
1477 -581 -671
1393 -504 -577
1470 -417 -574
1448 -485 -484
1365 -412 -459
1304 -434 -542
1359 -518 -618
1313 -496 -673
1334 -541 -633
1410 -566 -568
1362 -551 -567
1415 -578 -598
1344 -537 -629
1259 -624 -563
1309 -557 -594
1383 -657 -528
1469 -745 -585
1399 -811 -588
1466 -907 -667
1415 -997 -752
1492 -929 -795
1562 -943 -892
1621 -986 -881
1582 -1055 -925
1533 -1102 -962
1473 -1017 -877
1559 -1043 -872
1581 -1123 -844
1646 -1140 -915
1587 -1186 -1005
1564 -1158 -1014
1475 -1228 -1017
1405 -1153 -1040
1500 -1151 -991
1404 -1160 -1088
1319 -1224 -1076
1299 -1308 -1053
1382 -1266 -1084
1433 -1244 -1129
1531 -1289 -1048
1494 -1212 -1007
1432 -1118 -952
1360 -1085 -1001
1421 -999 -964
1441 -948 -986
1525 -853 -955
1525 -853 -977
1536 -777 -885
1507 -703 -929
1533 -734 -834
1499 -662 -744
1533 -751 -788
1489 -715 -849
1404 -666 -835
1388 -621 -747
1298 -636 -722
1394 -580 -781
1340 -491 -703
1269 -495 -749
1184 -563 -673
1209 -516 -587
1262 -548 -609
1175 -499 -645
1270 -402 -648
1320 -397 -706
1348 -409 -740
1391 -414 -807
1294 -500 -708
1312 -434 -657
1316 -443 -723
1383 -489 -705
1334 -394 -749
1285 -447 -729
1318 -401 -781
1410 -386 -799
1399 -378 -834
1439 -327 -907
1503 -328 -817
1575 -416 -887
1600 -330 -985
1632 -269 -926
1592 -197 -1024
1522 -242 -979
1612 -169 -992
1579 -193 -912
1489 -258 -963
1588 -180 -907
1496 -220 -1001
1461 -267 -990
1362 -290 -1052
1321 -284 -973
1290 -325 -974
1335 -387 -995
1322 -287 -1060
1395 -308 -968
1491 -287 -1046
1497 -203 -947
1412 -139 -917
1504 -62 -945
1433 -1 -860
1501 4 -761
1490 54 -666
1481 -33 -614
1395 -10 -668
1352 -90 -643
1445 -114 -560
1458 -207 -601
1478 -156 -555
1454 -81 -488
1548 -60 -469
1589 -74 -427
1684 -79 -378
1768 -18 -411
1694 -33 -402
1598 -122 -346
1517 -59 -417
1450 -2 -442
1489 -55 -408
1402 -33 -359
1384 -81 -386
1459 8 -307
1474 66 -301
1499 -8 -248
1597 35 -180
1682 30 -266
1683 66 -362
1598 73 -423
1679 44 -453
1607 12 -505
1665 82 -551
1641 128 -566
1645 50 -539
1702 27 -577
1685 87 -575
1785 2 -660
1718 -74 -699
1673 -73 -624
1597 -63 -579
1666 -7 -633
1747 -80 -600
1680 -24 -516
1713 55 -504
1744 -23 -424
1702 68 -441
1645 4 -474
1594 -73 -487
1576 -137 -447
1639 -43 -506
1590 -109 -540
1523 -79 -477
1583 -73 -408
1674 -56 -399
1631 -126 -487
1627 -67 -462
1658 5 -506
1693 -86 -406
1741 -23 -377
1681 -71 -339
1745 -137 -406
1767 -207 -407
1847 -157 -475
1842 -241 -426
1854 -330 -400
1861 -291 -325
1885 -270 -311
1901 -204 -393
1991 -228 -345
1992 -227 -353
1906 -239 -441
1949 -335 -455
2018 -304 -398
2098 -240 -430
2016 -206 -490
1962 -221 -563
1952 -213 -533
1900 -126 -529
1810 -149 -486
1742 -174 -409
1822 -213 -379
1843 -161 -336
1795 -165 -247
1811 -98 -287
1842 -154 -255
1938 -145 -180
2015 -206 -211
1991 -181 -115
2085 -85 -164
326 7 9 26
-15 -58 53
-77 -132 128
15 -151 142
-14 -193 155
36 -94 135
-14 -135 87
-37 -98 180
-45 -127 166
-144 -89 129
-137 -17 173
-203 -36 158
-193 -84 173
-150 -3 118
-107 16 113
-137 2 43
-182 60 86
-212 21 133
-204 -12 133
-178 -69 161
-157 -154 99
-164 -68 154
-147 -150 126
-161 -62 201
-153 -150 283
-252 -243 353
-240 -209 264
-152 -126 297
-182 -200 221
-182 -297 149
-207 -257 152
-152 -350 77
-167 -278 17
-231 -186 -10
-285 -268 61
-319 -353 118
-399 -368 108
-429 -273 71
-514 -293 149
-473 -391 91
-516 -321 179
-456 -272 94
-527 -243 44
-590 -261 80
-536 -270 153
-507 -280 211
-451 -263 140
-455 -266 92
-426 -297 166
-490 -337 144
-524 -240 154
-579 -295 173
-525 -268 107
-609 -184 69
-560 -107 119
-601 -201 163
-644 -169 234
-706 -158 162
-805 -230 119
-810 -130 55
-868 -228 -21
-846 -162 -99
-794 -211 -53
-888 -260 16
-974 -222 115
-983 -277 178
-1081 -187 129
-1082 -190 87
-1011 -97 145
-984 -97 213
-985 -147 165
-1005 -219 183
-1017 -196 174
-1103 -193 155
-1023 -113 120
-947 -40 91
-968 24 60
-892 -35 81
-871 -22 80
-785 76 140
-812 -21 75
-793 15 101
-869 94 11
-964 51 58
-997 12 -15
-919 -66 -7
-1008 -130 -98
-1009 -120 -52
-1018 -146 -126
-1110 -105 -49
-1199 -196 48
-1130 -121 9
-1180 -143 99
-1129 -135 137
-1095 -53 231
-1109 21 193
-1137 78 288
-1106 40 286
-1059 104 222
-1069 144 276
-974 116 264
-877 170 279
-859 266 211
-880 185 279
-827 269 206
-776 176 221
-870 150 298
-828 72 216
-728 77 129
-695 69 34
-657 153 -40
-611 213 -119
-680 313 -126
-583 320 -122
-505 282 -205
-533 243 -189
-547 297 -232
-586 397 -155
-595 369 -154
-561 433 -87
-548 400 -51
-494 442 42
-423 390 32
-475 341 -61
-498 257 -55
-479 305 -118
-538 361 -218
-530 363 -130
-441 265 -61
-514 343 -57
-610 418 -59
-541 402 -3
-542 453 0
-640 501 -50
-706 523 -14
-663 552 -3
-712 612 -50
-629 693 33
-655 741 -5
-653 826 -60
-704 900 -99
-678 909 -20
-664 939 -59
-652 927 27
-584 846 15
-646 815 -57
-598 840 -102
-581 910 -15
-601 859 3
-612 878 -83
-596 808 -87
-639 787 -150
-732 803 -223
-726 849 -273
-804 885 -336
-898 788 -426
-869 815 -526
-957 742 -453
-1042 656 -522
-1104 612 -570
-1201 533 -495
-1294 609 -574
-1269 540 -534
-1251 485 -621
-1207 405 -698
-1253 388 -646
-1202 439 -701
-1133 367 -772
-1114 289 -745
-1129 289 -646
-1100 355 -567
-1085 334 -579
-1175 297 -524
-1258 385 -585
-1236 366 -616
-1261 387 -555
-1210 470 -639
-1277 540 -663
-1358 614 -679
-1410 625 -603
-1386 544 -555
-1410 605 -487
-1391 619 -400
-1386 540 -450
-1295 501 -529
-1280 577 -472
-1336 553 -489
-1392 525 -519
-1442 561 -444
-1453 512 -478
-1366 514 -467
-1292 487 -446
-1233 494 -439
-1259 527 -400
-1256 506 -364
-1256 511 -276
-1299 536 -208
-1381 540 -139
-1284 621 -186
-1317 637 -102
-1354 553 -97
-1326 567 -79
-1240 505 -87
-1203 512 -95
-1300 546 -122
-1202 459 -93
-1268 368 -174
-1184 373 -210
-1194 340 -177
-1155 305 -139
-1129 327 -206
-1152 227 -176
-1209 313 -180
-1209 328 -126
-1176 347 -151
-1180 249 -232
-1215 314 -273
-1196 330 -179
-1136 247 -278
-1098 321 -257
-1157 352 -166
-1077 280 -223
-1029 353 -185
-1007 336 -164
-1104 310 -157
-1084 289 -168
-1001 232 -107
-1074 323 -201
-1004 375 -228
-904 338 -312
-943 299 -215
-959 247 -249
-1042 158 -334
-1057 193 -245
-1051 139 -255
-1033 95 -238
-1060 158 -247
-1041 184 -338
-1118 238 -267
-1077 330 -249
-1018 394 -151
-997 407 -134
-1055 335 -216
-1033 260 -276
-1065 185 -196
-1131 169 -132
-1046 188 -40
-1002 270 31
-1005 225 -32
-1032 152 63
-1034 157 123
-1016 201 209
-996 290 157
-1019 240 141
-919 249 138
-819 293 175
-903 193 219
-954 219 204
-1036 198 179
-1131 164 94
-1193 93 46
-1153 65 -32
-1217 37 68
-1289 78 13
-1257 -20 -7
-1352 -75 68
-1296 -30 -9
-1284 -22 3
-1256 -88 -42
-1204 -89 21
-1257 -1 13
-1251 20 -18
-1321 63 -45
-1306 103 -141
-1346 112 -217
-1312 15 -194
-1322 112 -243
-1320 121 -249
-1265 84 -224
-1340 137 -263
-1399 43 -331
-1345 73 -419
-1431 82 -482
-1407 113 -577
-1408 29 -556
-1348 63 -587
-1402 -24 -641
-1348 5 -566
-1340 -15 -648
-1406 17 -634
-1444 96 -552
-1447 70 -494
-1390 -7 -399
-1403 -90 -413
-1318 -143 -381
-1260 -104 -326
-1206 -166 -286
-1190 -132 -333
-1102 -57 -375
-1151 -39 -379
-1239 30 -327
-1175 93 -235
-1146 128 -253
-1242 119 -205
-1335 29 -299
-1343 104 -381
-1397 8 -332
-1339 85 -330
-1338 12 -385
-1279 38 -460
-1246 79 -529
-1192 45 -550
-1118 14 -582
-1068 76 -558
-1144 132 -536
-1147 63 -483
-1230 123 -559
-1160 148 -654
-1216 234 -663
-1267 313 -591
-1205 298 -532
-1268 342 -595
-1268 409 -675
-1340 440 -615
-1294 393 -525
-1359 402 -456
-1437 389 -543
235 12 20 27
-76 77 61
-22 177 -25
28 115 -88
-19 192 -19
10 220 24
40 256 34
115 232 38
64 231 112
104 300 138
172 259 193
258 183 164
189 99 81
145 62 177
96 126 170
192 210 232
201 271 189
210 335 206
247 240 259
252 192 226
207 243 292
139 339 344
173 291 277
152 311 330
81 304 392
167 341 310
109 436 298
162 337 224
78 288 168
-16 228 133
-50 227 139
22 143 205
-53 233 230
-64 313 161
-149 381 67
-198 371 15
-296 405 -38
-322 393 51
-285 471 43
-385 467 106
-361 394 97
-377 489 135
-282 504 78
-308 585 58
-236 680 127
-292 646 47
-382 643 72
-303 562 41
-282 479 85
-262 407 83
-333 401 31
-281 302 49
-243 207 -21
-322 206 -27
-332 198 64
-340 292 138
-298 260 233
-239 215 170
-195 146 247
-202 135 171
-171 135 179
-204 170 275
-149 103 289
-247 8 313
-166 104 306
-70 187 379
-48 163 454
13 88 508
100 157 516
42 168 429
127 135 436
138 200 342
116 271 412
93 323 484
141 340 518
77 311 571
22 310 551
106 210 520
48 190 474
25 241 502
85 211 454
146 247 493
152 206 524
220 202 603
211 238 664
131 197 743
112 112 651
51 77 606
85 144 673
56 178 772
25 111 834
-68 70 807
-141 -26 708
-180 74 805
-193 136 893
-188 65 944
-281 139 875
-219 87 862
-138 104 944
-139 125 882
-88 143 868
-74 130 768
-72 119 733
-29 68 701
-123 119 749
-87 218 652
-120 253 751
-70 216 675
-117 225 592
-30 144 587
54 67 535
37 121 467
85 31 495
90 113 402
129 49 372
108 -40 471
8 -12 515
36 43 472
66 -29 526
66 -50 516
134 -74 549
121 -35 614
68 -30 558
142 -86 527
191 -8 528
158 -87 513
140 -2 421
107 -87 362
176 0 456
125 28 434
146 98 373
179 133 420
206 58 499
181 96 524
160 43 497
183 -35 516
93 -14 450
130 -104 358
100 -204 450
148 -164 521
171 -159 427
256 -228 418
179 -304 354
144 -334 369
45 -423 346
35 -520 250
118 -554 165
197 -594 217
121 -495 131
194 -503 101
283 -414 31
229 -342 -33
323 -338 -8
339 -268 -41
311 -265 -11
386 -351 -61
412 -397 -114
374 -397 -62
352 -426 -59
447 -490 -121
437 -398 -121
453 -465 -212
378 -400 -151
295 -428 -113
205 -461 -78
208 -528 -18
188 -607 -68
131 -687 3
105 -686 -83
94 -672 -52
61 -670 -41
-3 -715 8
23 -796 -13
58 -728 -111
-39 -803 -64
-29 -726 -81
43 -652 -97
47 -720 -62
-3 -700 -92
-41 -670 -104
-65 -574 -16
-66 -584 25
-28 -625 49
-39 -603 63
2 -565 136
-17 -551 197
0 -567 189
-39 -472 223
26 -535 288
-24 -453 217
-85 -517 160
-45 -602 132
-14 -529 120
80 -447 217
35 -547 179
37 -559 208
90 -502 135
167 -490 233
167 -466 285
136 -515 350
236 -425 342
221 -505 383
225 -428 454
178 -390 402
132 -354 457
99 -261 408
85 -172 334
-10 -149 408
20 -239 417
74 -229 339
66 -131 419
125 -149 467
146 -187 558
105 -232 577
66 -300 643
162 -381 681
252 -384 582
207 -417 538
278 -490 532
268 -475 521
312 -534 456
335 -472 517
267 -455 496
332 -457 482
321 -358 448
283 -398 428
277 -333 374
221 -417 461
243 -364 448
267 -321 453
170 -260 518
231 -250 440
292 -328 397
218 -293 365
132 -387 433
78 -413 529
326 10 26 28
36 90 -60
0 -1 -33
-86 -22 -91
-155 -17 -160
-130 -15 -114
-44 36 -111
-109 17 -130
-61 108 -88
-93 182 -108
-187 253 -63
-281 271 -89
-280 289 8
-307 217 -73
-277 241 -13
-358 145 0
-448 62 33
-476 108 -33
-510 40 -63
-561 118 -23
-532 103 -39
-570 130 10
-586 163 12
-550 188 -65
-462 160 -93
-430 198 -1
-376 178 -4
-362 114 52
-341 72 -29
-267 117 -2
-172 146 10
-218 98 0
-302 1 -74
-242 86 -66
-315 167 14
-381 224 10
-350 243 26
-387 314 98
-393 388 119
-334 306 111
-326 372 206
-412 372 161
-414 296 192
-437 376 268
-381 443 230
-356 490 184
-286 590 212
-205 551 217
-169 633 136
-112 675 93
-34 734 122
-25 670 47
-49 598 -44
-134 513 -19
-153 418 -13
-85 389 71
-152 323 91
-89 392 143
-25 424 227
-18 499 149
72 595 77
117 598 21
201 524 0
228 589 -75
274 657 -132
328 746 -231
275 790 -158
324 812 -115
235 849 -98
147 837 -99
87 848 -197
113 813 -272
142 765 -199
142 722 -224
150 717 -313
175 617 -400
123 635 -473
83 689 -554
60 671 -576
-6 727 -590
79 788 -490
101 702 -462
97 737 -511
174 819 -433
253 807 -407
268 876 -457
304 947 -505
260 1031 -589
346 1080 -597
376 1021 -565
374 1064 -550
330 1023 -499
299 1066 -557
374 1124 -514
402 1093 -490
429 1037 -536
412 938 -572
359 883 -494
284 830 -527
211 799 -565
195 824 -567
176 814 -483
98 878 -401
68 854 -403
113 802 -354
97 899 -410
115 852 -415
149 949 -457
196 850 -461
283 763 -385
225 814 -292
282 774 -367
380 867 -334
334 917 -258
268 846 -335
314 938 -340
322 949 -242
251 1011 -174
243 937 -234
200 908 -150
287 889 -76
326 794 -158
280 860 -65
275 952 -139
226 990 -226
178 900 -281
219 830 -300
309 743 -398
257 821 -340
275 898 -406
237 867 -397
329 797 -420
429 719 -397
403 751 -440
496 782 -479
561 855 -559
498 790 -625
576 726 -646
542 730 -672
514 672 -739
562 585 -666
564 608 -597
482 665 -686
575 657 -631
581 727 -647
618 729 -744
547 631 -673
636 583 -617
551 646 -518
642 575 -485
637 665 -583
715 588 -578
787 669 -560
729 570 -471
768 555 -540
753 535 -552
851 523 -602
927 431 -691
918 382 -604
992 415 -529
923 491 -533
883 536 -619
948 460 -696
876 429 -698
897 493 -795
840 550 -755
777 465 -667
857 541 -636
861 572 -708
902 578 -766
993 599 -846
919 554 -927
981 528 -942
999 624 -1019
960 574 -965
874 494 -1064
918 476 -1022
888 455 -988
934 482 -964
902 466 -937
944 509 -951
924 486 -1039
920 463 -1017
857 513 -1000
910 610 -921
913 679 -878
914 703 -790
1003 766 -881
1063 768 -936
968 742 -872
913 688 -822
891 682 -760
984 760 -786
1048 805 -816
1130 755 -814
1125 750 -737
1132 688 -683
1191 757 -657
1232 842 -677
1143 769 -708
1115 687 -672
1123 751 -753
1099 737 -667
1169 816 -653
1113 716 -622
1167 686 -581
1074 633 -563
1104 636 -534
1062 653 -585
1114 575 -556
1045 573 -623
1142 524 -622
1180 553 -704
1125 488 -793
1050 567 -726
1038 643 -726
1033 649 -756
1076 698 -785
1020 661 -880
940 748 -782
1004 768 -836
963 800 -898
1009 712 -952
982 619 -875
956 667 -797
1040 620 -868
1011 602 -920
1029 544 -871
958 579 -915
876 488 -891
947 513 -945
1023 490 -986
1037 429 -987
946 467 -1076
1009 425 -1047
1065 349 -1144
987 350 -1229
962 256 -1233
995 261 -1169
949 340 -1117
926 304 -1114
1013 339 -1130
1071 322 -1134
1164 334 -1166
1093 423 -1159
1122 437 -1208
1095 433 -1295
1033 528 -1364
1059 462 -1449
1085 387 -1368
1075 332 -1304
1161 257 -1254
1160 325 -1329
1242 342 -1388
1259 419 -1437
1287 354 -1521
1240 306 -1431
1233 351 -1345
1238 348 -1411
1325 253 -1492
1257 227 -1463
1277 269 -1455
1195 269 -1379
1137 207 -1391
1146 211 -1345
1077 242 -1330
1127 279 -1394
1190 263 -1364
1162 327 -1302
1224 397 -1227
1233 307 -1246
1203 367 -1269
1219 281 -1211
1230 247 -1200
1291 325 -1140
1237 337 -1217
1176 374 -1127
1183 274 -1137
1259 269 -1199
1226 234 -1222
1195 201 -1214
1261 108 -1164
1192 196 -1147
1261 98 -1064
1309 88 -984
1246 91 -888
1278 94 -826
1266 27 -900
1205 49 -966
1195 78 -936
1127 65 -1004
1219 112 -947
1143 188 -1036
1052 182 -1121
1097 141 -1137
1132 136 -1104
1172 38 -1119
1100 -13 -1211
1103 22 -1204
1065 -46 -1258
1078 -93 -1256
1169 -24 -1318
1185 -92 -1254
1106 -126 -1336
1138 -147 -1334
1084 -145 -1253
1060 -49 -1242
1156 -16 -1154
1108 -32 -1126
1066 -50 -1069
998 11 -1153
930 102 -1072
944 3 -1099
983 -11 -1029
1067 25 -983
1049 -52 -947
1110 46 -1022
1093 22 -934
1044 -9 -959
1139 -46 -986
1167 -50 -1005
1158 -97 -1066
1199 -132 -1108
1219 -203 -1077
1245 -251 -1110
1154 -241 -1022
1237 -275 -962
211 9 10 23
31 25 -46
32 25 -70
-55 -19 -32
-92 -80 68
-104 -106 97
-126 -106 127
-112 -199 153
-161 -247 221
-253 -157 291
-316 -208 300
-320 -284 330
-246 -288 278
-340 -212 233
-341 -299 168
-405 -267 219
-462 -358 274
-508 -273 206
-586 -188 158
-492 -252 112
-411 -318 210
-451 -291 114
-387 -343 196
-460 -249 184
-416 -154 208
-352 -96 298
-269 -154 263
-170 -119 218
-237 -167 250
-167 -166 151
-128 -140 202
-104 -135 237
-111 -158 154
-159 -207 107
-246 -258 87
-205 -288 81
-220 -248 140
-244 -342 127
-273 -364 94
-298 -354 157
-390 -443 141
-342 -427 214
-355 -386 307
-395 -287 365
-376 -384 406
-369 -326 441
-401 -311 393
-413 -352 386
-504 -409 317
-566 -356 317
-498 -424 291
-555 -413 192
-613 -473 223
-707 -452 257
-708 -439 291
-679 -348 240
-757 -340 241
-837 -248 144
-758 -245 175
-741 -170 177
-819 -242 118
-802 -245 120
-871 -208 138
-857 -257 129
-925 -276 229
-858 -365 230
-876 -449 172
-967 -391 239
-912 -390 320
-843 -435 289
-906 -525 314
-830 -540 376
-883 -560 299
-812 -505 238
-780 -580 214
-726 -574 162
-688 -575 207
-690 -599 238
-644 -666 336
-637 -729 339
-713 -723 245
-813 -767 332
-828 -672 255
-731 -604 318
-632 -671 374
-558 -745 318
-620 -677 285
-551 -774 260
-613 -770 284
-639 -868 336
-575 -843 429
-484 -873 451
-452 -867 479
-393 -865 518
-418 -914 573
-384 -862 542
-354 -802 533
-300 -769 481
-219 -847 476
-213 -842 480
-211 -811 389
-308 -775 483
-238 -746 562
-282 -749 628
-359 -763 566
-419 -700 476
-321 -607 539
-414 -559 587
-437 -497 513
-385 -582 415
-315 -592 479
-298 -532 417
-266 -593 421
-354 -506 520
-383 -584 590
-341 -559 550
-247 -525 617
-323 -487 588
-376 -529 580
-331 -625 630
-406 -722 663
-386 -670 648
-295 -638 667
-376 -639 670
-415 -546 595
-477 -556 615
-480 -469 539
-454 -397 458
-506 -314 418
-462 -317 479
-543 -366 499
-541 -342 460
-583 -397 360
-681 -468 372
-641 -371 326
-637 -350 367
-606 -422 464
-557 -371 458
-642 -283 439
-677 -327 420
-605 -339 501
-640 -333 590
-674 -249 493
-609 -336 476
-663 -350 398
-727 -390 320
-818 -469 237
-912 -441 286
-998 -491 256
-971 -546 338
-1042 -617 269
-1009 -579 192
-1052 -568 217
-1123 -551 311
-1146 -571 295
-1101 -534 380
-1073 -544 315
-1023 -572 289
-1068 -508 217
-1101 -482 240
-1125 -519 340
-1064 -546 416
-1062 -476 469
-1115 -421 537
-1205 -364 493
-1243 -448 410
-1254 -494 420
-1276 -558 416
-1198 -572 400
-1186 -605 428
-1158 -587 418
-1190 -531 361
-1178 -555 307
-1181 -584 215
-1233 -510 277
-1164 -429 349
-1242 -353 276
-1261 -260 334
-1273 -265 244
-1367 -362 259
-1301 -262 359
-1336 -218 308
-1430 -144 226
-1439 -140 167
-1416 -79 96
-1418 -20 193
-1420 -88 209
-1446 -164 162
-1487 -237 206
-1493 -305 269
-1592 -234 321
-1691 -227 383
-1755 -265 364
-1706 -288 421
-1750 -382 321
-1668 -397 355
-1673 -404 397
-1699 -500 417
-1641 -572 427
-1646 -500 493
-1740 -429 487
-1742 -462 442
-1728 -371 532
-1761 -273 454
-1677 -226 493
-1584 -256 564
-1597 -277 597
-1649 -289 502
-1636 -203 469
-1686 -212 468
-1764 -244 455
-1841 -250 384
240 17 19 26
75 29 13
147 -36 -80
179 -98 19
90 -47 -20
111 51 -111
177 105 -186
222 41 -200
129 36 -124
29 -55 -149
-43 -82 -178
-66 -98 -144
5 -16 -206
-2 82 -252
-15 86 -269
-28 66 -199
-46 162 -276
-29 181 -278
-75 241 -188
-53 184 -200
-17 167 -151
-23 223 -180
-48 195 -248
-57 265 -312
-78 295 -412
9 372 -444
41 296 -406
71 390 -372
57 403 -421
132 439 -397
38 466 -419
-12 401 -481
-47 431 -403
-70 509 -389
-49 477 -408
19 519 -448
-54 504 -409
13 444 -314
-53 436 -400
-74 423 -489
-12 400 -570
-12 301 -607
-86 263 -656
-185 339 -707
-253 380 -663
-254 379 -619
-229 445 -701
-236 535 -616
-189 445 -555
-128 447 -460
-78 457 -490
-72 386 -462
24 404 -482
38 435 -498
-11 474 -435
-22 429 -464
-40 443 -409
60 376 -458
-34 331 -388
38 427 -364
120 491 -390
152 471 -328
173 462 -238
88 443 -331
171 400 -295
244 397 -278
252 411 -328
312 441 -308
270 517 -263
275 576 -304
187 625 -303
246 640 -221
228 608 -163
303 604 -120
330 516 -67
383 546 -57
392 488 -82
481 433 -101
575 481 -24
635 565 33
704 484 91
691 468 60
708 519 155
632 528 216
686 479 138
639 534 188
602 601 177
674 575 153
686 534 211
624 584 136
566 558 199
554 641 135
531 624 173
611 568 150
580 515 147
646 512 150
710 510 154
748 560 57
830 562 95
854 614 44
933 677 -2
967 593 53
1052 508 -35
1039 447 -112
1091 500 -15
1028 458 62
1090 484 -7
1025 559 52
1109 460 -36
1119 404 -121
1172 360 -44
1256 411 -27
1186 484 -109
1176 462 -184
1161 462 -258
1121 392 -165
1183 345 -213
1134 428 -263
1110 365 -204
1065 309 -212
1110 381 -292
1067 380 -344
1104 407 -292
1113 490 -382
1013 462 -440
1066 379 -468
1141 460 -409
1073 462 -313
1159 503 -375
1199 529 -408
1171 495 -479
1226 588 -552
1208 673 -548
1188 662 -543
1218 607 -504
1298 543 -519
1378 524 -546
1469 469 -515
1373 388 -475
1301 369 -411
1297 464 -405
1245 563 -439
1283 503 -522
1339 412 -479
1387 340 -456
1480 270 -538
1400 231 -538
1463 206 -584
1393 113 -521
1353 187 -423
1385 238 -430
1436 151 -336
1461 101 -372
1393 70 -376
1451 3 -396
1525 -37 -342
1586 -32 -317
1576 -103 -403
1522 -197 -373
1540 -188 -321
1493 -172 -334
1398 -162 -280
1423 -169 -239
1455 -83 -283
1462 -23 -230
1432 4 -240
1364 -89 -155
1447 -115 -161
1532 -101 -98
1622 -197 -20
1595 -196 17
1522 -205 -43
1526 -165 -14
1515 -73 -51
1605 -50 -141
1589 -132 -57
1555 -126 8
1479 -85 52
1440 -95 -26
1528 5 -71
1502 51 -163
1470 83 -233
1429 82 -310
1501 174 -316
1443 238 -308
1480 208 -264
1500 305 -320
1527 367 -255
1428 431 -231
1508 355 -306
1598 442 -223
1613 356 -249
1532 365 -327
1445 326 -259
1364 342 -343
1408 409 -417
1385 363 -484
1291 394 -463
1229 440 -408
1210 389 -370
1204 383 -271
1158 323 -238
1132 231 -322
1209 138 -340
1144 71 -433
1134 72 -515
1190 7 -552
1168 45 -492
1242 -1 -564
1231 62 -647
1269 75 -689
1212 70 -619
1151 88 -547
1157 161 -562
1154 143 -468
1067 160 -531
1018 103 -585
959 88 -628
1001 169 -711
993 152 -721
956 85 -751
898 150 -799
931 106 -852
901 18 -825
862 -45 -910
888 -137 -833
811 -153 -886
893 -174 -929
855 -217 -854
914 -197 -862
974 -289 -909
981 -242 -827
1075 -220 -750
1016 -169 -828
1074 -116 -845
1138 -144 -867
1134 -234 -820
1211 -296 -884
1130 -305 -947
1049 -226 -998
1132 -206 -937
313 1 3 26
-6 -37 -4
-67 -130 -14
-136 -144 -66
-55 -240 -86
-40 -174 -168
-114 -153 -154
-17 -154 -139
-10 -79 -200
-5 -94 -232
-86 -161 -247
-125 -153 -228
-122 -167 -293
-101 -155 -336
-169 -216 -331
-169 -283 -343
-94 -233 -342
-162 -197 -359
-228 -106 -387
-328 -93 -351
-303 -128 -298
-364 -191 -394
-418 -160 -347
-410 -170 -276
-510 -117 -214
-413 -72 -234
-407 -9 -161
-342 -30 -136
-328 -110 -51
-262 -66 33
-346 -141 13
-418 -151 -77
-321 -188 -166
-362 -218 -238
-456 -267 -280
-424 -224 -360
-342 -191 -380
-249 -147 -312
-221 -148 -235
-179 -190 -277
-249 -93 -303
-149 -54 -342
-226 -138 -302
-283 -93 -240
-205 -183 -149
-180 -206 -129
-177 -224 -227
-118 -270 -198
-210 -171 -274
-286 -154 -241
-254 -122 -312
-275 -179 -400
-346 -160 -486
-254 -169 -496
-274 -136 -453
-258 -142 -382
-175 -181 -454
-240 -207 -435
-201 -262 -401
-290 -272 -337
-250 -341 -377
-256 -339 -455
-319 -311 -438
-274 -332 -501
-330 -238 -530
-360 -182 -450
-295 -233 -536
-270 -290 -513
-215 -287 -422
-232 -303 -343
-196 -378 -311
-193 -466 -410
-249 -511 -423
-349 -530 -376
-325 -594 -405
-244 -551 -438
-302 -483 -347
-363 -497 -272
-444 -446 -320
-378 -438 -341
-336 -419 -294
-366 -430 -210
-396 -453 -229
-393 -522 -162
-312 -557 -163
-383 -465 -109
-482 -448 -28
-393 -526 -88
-472 -621 -99
-415 -703 -21
-354 -728 4
-272 -816 30
-343 -830 78
-307 -874 26
-282 -794 97
-301 -776 67
-205 -817 21
-189 -896 -27
-284 -917 -64
-253 -920 21
-256 -982 -25
-292 -998 14
-204 -1068 -32
-205 -1063 -46
-133 -1071 50
-96 -1088 6
-69 -1144 71
-154 -1044 113
-125 -1113 14
-73 -1015 -24
25 -957 -12
89 -1057 -105
14 -1098 -123
55 -1053 -191
143 -984 -203
58 -885 -219
-15 -868 -311
55 -904 -289
123 -853 -377
54 -867 -334
106 -815 -260
67 -759 -341
22 -837 -323
50 -740 -402
133 -713 -433
133 -644 -389
193 -629 -459
128 -537 -542
103 -458 -514
170 -541 -568
220 -445 -592
185 -421 -535
210 -370 -513
143 -391 -577
124 -465 -574
84 -421 -475
-6 -482 -504
-75 -446 -415
-146 -438 -388
-225 -439 -369
-250 -434 -344
-317 -460 -391
-407 -394 -343
-342 -371 -296
-358 -344 -291
-325 -298 -383
-312 -342 -390
-343 -335 -380
-256 -347 -294
-347 -318 -377
-359 -288 -385
-441 -213 -374
-400 -286 -333
-395 -239 -362
-367 -139 -436
-321 -63 -413
-383 -112 -420
-421 -113 -409
-393 -16 -434
-432 -85 -529
-460 -157 -502
-532 -186 -440
-537 -255 -498
-624 -241 -471
-663 -177 -498
-611 -110 -421
-613 -17 -347
-579 0 -429
-597 11 -392
-564 -80 -312
-583 -41 -349
-552 -71 -290
-537 -62 -289
-601 19 -247
-578 -54 -310
-641 33 -404
-663 92 -488
-662 5 -556
-694 -24 -480
-652 26 -545
-619 66 -633
-533 7 -703
-562 23 -607
-520 -27 -521
-430 28 -475
-512 -41 -537
-500 15 -474
-565 -83 -379
-601 -139 -472
-674 -93 -541
-604 -57 -551
-647 -88 -625
-697 -188 -704
-792 -128 -666
-849 -55 -706
-910 -74 -609
-901 -144 -679
-809 -155 -581
-836 -86 -524
-892 -126 -450
-979 -29 -494
-1046 -123 -564
-1000 -99 -523
-1069 -29 -614
-1110 -129 -582
-1203 -67 -682
-1296 -103 -666
-1320 -190 -572
-1323 -180 -660
-1398 -170 -748
-1307 -92 -757
-1223 -89 -851
-1320 -154 -882
-1374 -56 -867
-1292 -12 -938
-1331 65 -925
-1401 70 -1011
-1476 30 -1048
-1376 49 -1083
-1467 135 -1154
-1488 182 -1194
-1414 162 -1230
-1499 261 -1166
-1426 194 -1235
-1397 161 -1217
-1462 83 -1206
-1482 29 -1136
-1397 63 -1095
-1392 114 -1073
-1335 125 -1158
-1383 211 -1250
-1383 165 -1235
-1373 193 -1245
-1448 263 -1304
-1375 299 -1352
-1406 291 -1363
-1466 234 -1295
-1432 194 -1215
-1410 165 -1312
-1376 166 -1282
-1393 182 -1206
-1443 225 -1216
-1446 286 -1143
-1463 250 -1128
-1530 281 -1102
-1465 232 -1130
-1556 171 -1072
-1470 110 -1061
-1467 106 -972
-1526 100 -955
-1506 13 -927
-1455 -59 -925
-1390 -33 -876
-1424 -114 -823
-1455 -190 -816
-1437 -106 -883
-1368 -166 -924
-1311 -105 -906
-1390 -101 -824
-1336 -86 -863
-1344 -146 -871
-1346 -74 -837
-1351 -16 -888
-1395 -85 -822
-1343 0 -771
-1351 31 -811
-1377 129 -779
-1415 55 -872
-1393 101 -966
-1472 96 -919
-1534 133 -837
-1549 171 -756
-1449 264 -779
-1417 167 -810
-1401 163 -764
-1401 85 -703
-1474 86 -628
-1502 151 -616
-1467 163 -534
-1496 234 -619
-1571 247 -528
-1585 342 -504
-1519 269 -446
-1474 271 -402
-1388 365 -499
-1422 424 -487
-1467 347 -521
-1460 267 -582
-1457 301 -558
-1423 362 -603
-1441 354 -674
-1541 429 -648
-1467 339 -697
-1498 434 -689
-1471 468 -664
-1408 483 -728
-1428 567 -667
-1458 526 -633
-1519 445 -585
-1573 450 -649
-1551 466 -569
-1581 489 -508
-1548 400 -466
-1632 362 -412
-1634 378 -444
-1574 350 -530
-1588 436 -597
-1492 415 -642
-1432 441 -594
-1393 412 -618
-1452 354 -597
-1483 310 -626
-1513 233 -711
-1560 313 -676
164 10 13 23
64 66 -56
27 7 -111
29 92 -184
-64 99 -98
-77 50 -47
-43 5 -13
-47 -52 37
-122 -126 18
-50 -208 7
-36 -241 41
48 -293 84
107 -197 71
47 -241 -10
13 -189 -78
-18 -118 -25
-3 -158 -118
-12 -130 -137
5 -84 -75
102 -163 -150
93 -129 -227
93 -144 -275
190 -219 -188
269 -281 -206
328 -348 -299
389 -354 -226
445 -303 -142
482 -335 -187
494 -239 -92
537 -282 -146
488 -371 -51
561 -302 -128
516 -387 -104
524 -350 -136
557 -267 -135
513 -187 -98
484 -213 -150
528 -295 -156
444 -206 -191
539 -174 -95
451 -79 -17
369 0 -112
396 -13 -196
490 19 -255
568 31 -295
486 -58 -266
451 -52 -265
551 -137 -280
476 -156 -347
510 -208 -350
466 -142 -294
452 -164 -260
521 -140 -275
515 -143 -234
541 -239 -299
564 -196 -216
542 -209 -285
630 -153 -307
678 -248 -372
671 -328 -288
585 -406 -296
563 -378 -341
527 -332 -436
469 -304 -444
485 -324 -492
415 -302 -538
419 -221 -460
455 -147 -536
468 -121 -622
450 -143 -709
476 -222 -744
397 -235 -721
428 -302 -629
468 -206 -560
494 -207 -651
557 -138 -619
604 -64 -650
513 22 -645
612 -31 -725
514 12 -799
441 -86 -849
364 -161 -818
316 -220 -756
272 -235 -711
199 -178 -679
245 -211 -625
337 -116 -607
240 -182 -660
271 -153 -618
264 -162 -637
221 -125 -709
180 -145 -621
256 -65 -605
354 -56 -549
343 13 -578
334 107 -539
409 200 -531
450 161 -585
550 143 -683
464 177 -616
473 107 -537
436 175 -510
339 262 -572
309 342 -577
369 349 -535
378 391 -581
309 483 -574
351 578 -633
324 542 -612
228 462 -525
235 457 -601
286 418 -542
257 493 -471
175 499 -516
153 528 -543
187 550 -573
137 506 -666
102 584 -729
41 566 -757
135 607 -819
188 601 -861
93 524 -895
169 578 -961
204 480 -968
256 468 -919
243 427 -895
204 389 -979
213 322 -1049
249 271 -1130
298 221 -1131
249 233 -1044
314 259 -1114
317 233 -1037
234 212 -1089
264 154 -1119
262 219 -1021
305 134 -1121
289 39 -1216
283 -57 -1253
230 -41 -1181
148 -80 -1257
53 -113 -1168
1 -31 -1078
-8 37 -1044
-37 73 -987
43 -20 -980
94 -78 -989
160 -41 -920
128 24 -875
158 62 -959
67 116 -922
13 18 -909
107 70 -894
120 60 -986
20 106 -904
106 184 -845
85 252 -832
12 178 -764
48 120 -673
130 180 -601
74 108 -689
52 136 -632
107 185 -532
172 187 -621
241 113 -682
272 3 11 11
38 -71 42
62 24 33
54 116 -50
-44 143 17
-103 77 56
-47 171 75
20 156 98
66 223 196
34 309 135
56 252 209
145 326 112
126 236 160
176 282 168
203 357 219
206 449 129
225 529 29
265 555 67
287 533 -26
305 622 54
328 640 62
378 631 113
313 593 104
355 660 141
268 670 103
337 704 39
309 752 2
223 738 39
251 785 139
312 868 113
314 802 174
401 726 165
385 709 130
289 702 52
231 674 98
148 711 114
140 779 81
41 785 3
134 732 12
99 784 112
54 780 80
49 873 -17
-34 813 15
-21 826 -10
21 791 74
-31 809 139
29 822 231
116 781 153
75 804 249
124 745 169
143 780 134
144 692 62
152 650 149
226 566 152
318 501 232
264 553 198
285 645 166
219 604 180
197 641 123
132 601 192
42 670 288
38 644 269
-57 707 183
-36 765 98
-133 730 22
-122 826 87
-133 901 174
-166 948 74
-203 1034 89
-154 1060 41
-188 1076 10
-259 1127 -77
-176 1057 -28
-200 999 -34
-174 1096 48
-107 1114 71
-106 1058 126
-10 1015 139
83 1065 232
23 1105 183
50 1121 158
-38 1043 99
26 1088 166
31 1135 154
68 1196 167
88 1100 227
160 1092 198
200 1047 284
231 1044 199
259 1085 289
322 1064 348
243 996 311
186 1076 238
178 1131 145
110 1090 224
204 1035 313
216 1063 364
151 1068 347
214 1135 367
146 1111 436
79 1154 442
129 1235 434
90 1243 501
6 1341 455
-2 1359 367
-92 1352 379
-89 1394 395
-58 1479 441
-84 1395 448
-52 1464 373
-79 1489 413
-29 1560 490
-17 1566 438
-45 1646 376
-104 1621 381
-41 1714 388
-51 1635 301
-13 1715 205
60 1642 181
-2 1593 268
54 1529 289
98 1601 381
5 1570 315
89 1653 365
105 1717 408
181 1791 462
137 1857 508
186 1933 468
250 1874 391
221 1939 352
281 1925 439
210 1920 369
155 1966 417
142 2001 416
59 1933 330
-13 1835 314
-111 1799 223
-50 1838 315
-13 1937 260
-65 1897 272
-121 1933 287
-38 1858 209
-33 1833 132
-102 1898 87
-195 1812 81
-242 1839 -10
-312 1936 30
-247 1933 29
-284 2003 -34
-317 1984 54
-382 2027 127
-445 1943 44
-538 1974 111
-439 1971 35
-442 2045 -61
-463 1951 -78
-402 1909 -39
-438 1879 2
-354 1903 -28
-271 1847 -14
-293 1936 -21
-279 1995 1
-196 1999 19
-234 2028 -6
-272 1993 1
-275 2083 89
-266 2152 131
-349 2252 189
-265 2261 203
-293 2277 207
-331 2201 121
-375 2207 86
-382 2120 127
-282 2180 212
-256 2235 267
-230 2213 328
-138 2175 382
-238 2111 448
-165 2074 433
-74 2048 346
-88 1969 336
-65 1984 246
-45 1959 260
26 2001 271
-42 2065 228
-83 2058 211
-124 1963 160
-37 1956 234
23 1877 143
37 1889 184
-62 1889 93
-39 1906 111
-29 1941 17
-63 2038 31
3 2044 -49
-77 1975 8
-60 1999 55
11 2077 75
-20 2132 134
35 2154 129
96 2125 81
32 2206 107
126 2240 125
29 2266 144
-13 2217 121
65 2266 133
105 2209 205
200 2117 277
178 2151 254
161 2107 334
135 2155 290
199 2196 248
114 2196 291
141 2124 350
207 2088 277
206 2107 293
116 2026 252
69 2013 334
1 2092 431
-89 2115 507
-34 2025 539
-92 1928 613
-131 1952 694
-221 2019 640
-247 1958 653
-234 2044 618
-219 2114 641
-139 2170 662
-175 2176 562
-114 2245 564
-199 2310 601
-297 2350 506
-213 2353 502
-185 2436 451
-245 2356 355
-257 2436 432
-203 2394 337
-185 2299 375
-105 2334 394
-197 2254 332
-148 2172 312
-187 2142 288
-193 2192 283
-204 2259 277
-283 2311 254
-355 2341 196
-275 2303 245
-365 2339 323
-456 2409 422
-483 2446 505
-431 2368 556
-473 2297 639
-571 2263 659
-620 2335 661
-719 2237 679
-799 2142 711
-827 2148 620
-891 2209 680
-833 2227 609
-751 2231 702
-752 2319 622
-658 2382 644
-591 2309 664
-491 2219 565
-436 2211 614
-355 2305 591
-280 2303 579
-205 2339 539
-286 2289 638
-220 2303 568
-135 2376 481
-156 2381 496
-98 2306 568
319 19 22 23
-8 79 -9
-104 43 76
-134 138 4
-110 55 -82
-105 58 -55
-67 62 -24
23 139 11
96 58 -66
67 23 -129
23 114 -140
21 185 -220
48 100 -248
71 99 -321
90 84 -402
188 40 -418
203 140 -471
296 55 -442
325 35 -422
373 60 -441
404 64 -344
465 158 -303
521 132 -269
579 136 -327
611 60 -267
605 -13 -365
557 6 -419
622 -13 -362
534 40 -321
612 -21 -344
532 1 -404
540 77 -420
527 10 -460
498 -4 -559
403 -72 -542
321 -8 -534
269 -78 -485
177 -159 -461
176 -148 -481
238 -122 -563
146 -215 -531
231 -144 -522
139 -178 -548
124 -128 -467
196 -186 -457
260 -187 -477
272 -277 -541
179 -370 -619
278 -295 -557
196 -261 -590
283 -339 -612
261 -254 -541
267 -309 -504
214 -234 -472
143 -270 -505
122 -313 -443
64 -371 -484
-6 -466 -408
41 -383 -496
-7 -361 -399
-57 -332 -327
-22 -259 -424
-23 -270 -464
0 -197 -446
92 -178 -453
12 -125 -469
89 -79 -529
17 12 -477
103 -70 -513
137 -43 -507
109 -6 -444
75 -47 -347
-4 -36 -396
-89 -113 -414
-25 -20 -492
-14 -90 -481
-54 9 -530
-96 54 -486
-146 9 -532
-140 7 -468
-98 5 -505
-137 95 -473
-129 19 -547
-159 -40 -542
-177 -80 -453
-161 8 -403
-147 -83 -396
-92 -100 -337
-113 -58 -412
-105 -118 -425
-163 -40 -422
-154 -131 -394
-124 -71 -380
-194 -98 -375
-135 -129 -347
-59 -218 -347
-96 -212 -269
-176 -307 -224
-121 -207 -220
-152 -212 -161
-184 -253 -151
-149 -243 -238
-211 -222 -260
-257 -240 -351
-213 -140 -277
-169 -224 -210
-99 -255 -293
-128 -195 -237
-136 -285 -153
-159 -327 -196
-70 -327 -271
-138 -290 -181
-195 -375 -273
-98 -371 -337
-155 -307 -386
-134 -352 -447
-148 -439 -512
-117 -436 -467
-208 -513 -395
-178 -598 -315
-236 -679 -322
-320 -769 -240
-296 -671 -265
-353 -584 -265
-287 -547 -166
-360 -452 -254
-438 -516 -173
-508 -551 -116
-568 -511 -207
-665 -547 -224
-569 -624 -300
-623 -626 -327
-628 -684 -426
-593 -636 -430
-691 -670 -429
-696 -760 -421
-716 -812 -389
-630 -878 -392
-618 -888 -482
-617 -877 -436
-521 -877 -412
-589 -851 -355
-678 -937 -394
-715 -900 -449
-763 -919 -492
-715 -924 -541
-683 -894 -593
-595 -967 -608
-587 -1012 -539
-581 -992 -594
-680 -951 -631
-733 -1032 -621
-809 -1049 -687
-902 -973 -589
-841 -1070 -585
-922 -1128 -651
-844 -1157 -674
-813 -1185 -735
-879 -1254 -641
-803 -1298 -622
-720 -1378 -668
-749 -1415 -614
-701 -1413 -621
-799 -1503 -615
-805 -1556 -631
-706 -1536 -552
-608 -1481 -528
-640 -1547 -615
-584 -1479 -621
-678 -1445 -636
-724 -1424 -689
-677 -1477 -623
-664 -1398 -720
-606 -1367 -768
-622 -1267 -674
-694 -1351 -644
-717 -1357 -630
-707 -1420 -613
-744 -1340 -579
-692 -1275 -653
-708 -1308 -587
-761 -1363 -671
-718 -1312 -584
-750 -1390 -510
-786 -1295 -509
-770 -1244 -562
-812 -1278 -481
-781 -1220 -574
-815 -1320 -558
-863 -1322 -583
-824 -1364 -635
-813 -1272 -591
-816 -1203 -493
-908 -1175 -583
-820 -1149 -493
-856 -1206 -394
-784 -1241 -369
-852 -1269 -302
-889 -1179 -310
-922 -1136 -302
-823 -1069 -373
-854 -1152 -383
-810 -1116 -342
-868 -1083 -268
-910 -1115 -284
-1007 -1198 -355
-1017 -1268 -346
-971 -1186 -412
-1058 -1254 -490
-974 -1313 -533
-989 -1353 -576
-927 -1357 -563
-891 -1260 -600
-979 -1237 -520
-936 -1218 -547
-867 -1258 -459
-960 -1341 -422
-913 -1422 -396
-985 -1368 -432
-1072 -1468 -357
-1062 -1528 -390
-1039 -1618 -409
-1022 -1668 -315
-987 -1719 -308
-978 -1690 -352
-962 -1718 -370
-1001 -1724 -464
-1043 -1685 -527
-1066 -1695 -529
-996 -1643 -603
-1053 -1611 -624
-1121 -1639 -589
-1035 -1709 -594
-1120 -1791 -526
-1125 -1714 -442
-1030 -1726 -438
-1016 -1763 -381
-1018 -1849 -403
-955 -1918 -466
-1049 -1947 -406
-987 -1866 -479
-915 -1830 -435
-876 -1756 -355
-931 -1749 -284
-837 -1702 -281
-919 -1712 -269
-825 -1623 -289
-746 -1683 -326
-725 -1705 -317
-663 -1800 -352
-621 -1739 -403
-721 -1676 -446
-643 -1759 -546
-666 -1767 -476
-614 -1673 -528
-559 -1672 -576
-520 -1634 -644
-459 -1723 -661
-418 -1714 -641
-319 -1705 -569
-233 -1659 -608
-219 -1668 -585
-289 -1714 -517
-263 -1771 -522
-305 -1773 -598
-397 -1688 -531
-475 -1707 -628
-388 -1691 -530
-398 -1682 -604
-340 -1782 -684
-295 -1847 -698
-349 -1898 -751
-401 -1861 -806
-406 -1917 -800
-461 -1862 -728
-537 -1767 -742
-483 -1864 -769
-408 -1790 -862
-398 -1714 -836
-343 -1680 -826
-245 -1656 -838
-268 -1748 -803
-250 -1730 -844
-280 -1764 -919
-258 -1750 -885
-269 -1711 -818
-269 -1779 -761
-236 -1798 -766
-282 -1894 -765
-346 -1967 -835
-423 -1925 -870
-382 -1843 -787
-451 -1872 -798
-384 -1918 -866
-375 -1883 -917
-395 -1803 -879
-428 -1840 -892
-420 -1833 -984
-420 -1760 -943
-415 -1799 -959
-465 -1811 -906
-432 -1728 -951
-448 -1781 -905
-495 -1833 -952
-572 -1764 -908
-586 -1785 -974
-505 -1786 -1038
-517 -1705 -971
-425 -1778 -970
-490 -1827 -1007
-542 -1801 -931
-606 -1803 -984
-577 -1861 -1042
-567 -1808 -1108
-574 -1878 -1017
-561 -1881 -938
-559 -1969 -884
-462 -1912 -841
-402 -1972 -853
-370 -1911 -772
205 8 16 27
-32 7 -45
-54 -14 -28
-113 -99 -9
-204 -136 85
-129 -212 107
-165 -302 52
-69 -270 5
-166 -259 -58
-163 -354 -106
-67 -317 -23
-30 -392 -123
-32 -304 -138
-126 -336 -91
-164 -318 -92
-74 -312 -144
20 -244 -93
23 -313 -35
71 -251 64
29 -303 15
94 -298 106
153 -385 176
128 -382 84
118 -420 128
129 -474 61
165 -419 91
192 -469 69
228 -471 -17
277 -394 23
228 -352 81
218 -421 120
260 -327 65
243 -334 45
326 -334 -23
266 -322 28
234 -267 -34
310 -323 -66
243 -323 -147
338 -369 -53
341 -297 -53
263 -362 -28
273 -363 -87
327 -284 -58
322 -282 24
290 -279 -35
245 -264 -16
345 -222 81
385 -247 -5
445 -341 11
469 -429 70
535 -477 9
529 -452 107
460 -481 143
496 -569 133
542 -531 152
562 -586 232
576 -683 205
529 -776 189
456 -700 214
536 -697 285
583 -713 240
644 -730 228
604 -758 196
602 -831 159
562 -900 129
583 -806 219
505 -868 205
406 -931 273
362 -985 247
374 -958 326
402 -1023 326
447 -931 264
350 -987 327
391 -981 297
339 -882 237
410 -967 319
418 -1041 224
360 -1051 150
362 -955 213
347 -947 309
372 -938 301
340 -879 376
330 -820 318
261 -731 340
237 -727 296
268 -747 245
277 -690 328
251 -770 331
328 -735 271
235 -814 202
327 -721 282
393 -628 371
432 -668 427
524 -585 483
453 -524 439
478 -484 507
444 -405 597
370 -395 565
376 -407 636
360 -502 681
278 -557 625
292 -537 543
238 -485 537
217 -510 461
286 -455 506
195 -416 462
102 -491 451
45 -560 396
119 -509 343
152 -455 255
173 -420 321
120 -409 399
188 -337 316
251 -239 372
303 -226 388
368 -209 445
286 -166 477
349 -176 462
292 -195 554
374 -264 575
277 -205 655
292 -203 658
282 -202 620
305 -214 570
315 -124 513
263 -212 520
224 -278 613
137 -368 635
125 -353 639
163 -419 654
79 -435 620
49 -355 647
117 -279 728
42 -324 723
59 -407 630
146 -351 660
65 -288 582
65 -197 598
129 -278 568
78 -376 667
-18 -396 610
34 -358 706
81 -260 635
130 -253 568
187 -245 638
240 -195 613
293 -256 670
279 -223 570
315 -260 592
377 -257 635
339 -239 731
321 -195 821
389 -172 832
336 -218 855
239 -193 874
216 -291 823
222 -230 882
140 -295 899
151 -361 956
215 -273 926
311 -240 932
350 -317 890
413 -299 891
390 -308 917
409 -280 866
406 -213 878
316 -295 936
306 -332 912
337 -388 893
320 -390 962
222 -334 947
198 -417 901
100 -387 843
191 -326 877
221 -258 801
259 -274 703
230 -329 638
237 -356 651
185 -362 705
88 -386 608
139 -310 529
237 -265 441
176 -178 495
258 -177 546
281 -270 594
343 -302 624
325 -393 564
271 -329 622
274 -381 526
314 -455 515
268 -506 571
267 -463 471
359 -496 448
443 -474 353
358 -462 414
361 -428 482
379 -488 519
311 -446 526
371 -401 532
457 -371 475
390 -304 466
336 -393 505
242 -350 430
295 -429 427
358 -382 443
421 -347 459
299 4 4 24
8 29 39
64 -21 -22
111 -67 78
146 -54 9
118 -81 71
97 -136 4
59 -190 40
102 -202 106
75 -123 160
96 -50 131
161 -47 225
221 -121 276
124 -65 260
141 -113 195
189 -32 121
208 -31 189
261 -17 126
183 18 62
270 0 -29
354 25 -31
284 -74 -121
248 -7 -84
303 -24 -115
225 72 -207
144 47 -170
116 127 -207
47 216 -186
-21 179 -125
64 239 -100
38 182 -158
-33 239 -88
-84 202 -162
-88 142 -95
-19 144 -102
-59 198 -90
-59 285 -25
-19 270 -75
70 242 -116
21 201 -176
1 196 -264
-14 283 -358
23 215 -266
6 159 -169
106 96 -169
119 -3 -266
34 30 -303
43 38 -345
-9 5 -246
-28 3 -295
52 -57 -323
-4 -104 -226
-6 -133 -130
46 -208 -50
-33 -116 -118
5 -206 -180
-55 -279 -256
-35 -321 -160
50 -357 -151
121 -449 -119
214 -451 -148
213 -388 -238
127 -407 -199
33 -455 -298
-6 -373 -285
-41 -410 -276
13 -312 -296
-56 -389 -355
4 -332 -416
-9 -253 -399
-36 -253 -441
-114 -236 -468
-72 -159 -520
0 -134 -461
11 -114 -458
-61 -134 -501
-148 -161 -490
-76 -118 -542
-93 -69 -465
-151 20 -380
-196 52 -308
-158 7 -216
-111 21 -227
-184 -63 -130
-193 -74 -141
-176 -49 -105
-244 6 -159
-263 -63 -211
-356 -5 -154
-280 73 -199
-340 56 -253
-427 127 -187
-385 55 -152
-411 119 -178
-408 130 -163
-392 110 -189
-342 210 -217
-254 187 -156
-223 146 -206
-289 198 -279
-257 253 -378
-254 253 -375
-204 290 -308
-276 197 -379
-187 241 -464
-238 234 -394
-283 271 -393
-362 368 -411
-309 376 -380
-346 376 -478
-262 292 -553
-304 192 -606
-238 187 -630
-217 129 -559
-291 160 -610
-302 65 -686
-271 116 -762
-336 86 -752
-270 158 -779
-334 236 -751
-318 220 -823
-347 282 -737
-280 244 -691
-193 236 -759
-105 310 -856
-191 280 -781
-195 211 -813
-270 309 -805
-325 390 -864
-397 399 -816
-411 440 -877
-362 503 -811
-363 574 -733
-349 609 -639
-344 610 -580
-349 577 -640
-402 633 -660
-451 649 -642
-359 638 -737
-354 725 -824
-371 660 -745
-449 607 -715
-431 509 -659
-432 548 -683
-352 454 -773
-261 379 -826
-356 307 -728
-370 208 -786
-346 259 -820
-386 355 -775
-299 280 -771
-347 272 -789
-254 265 -697
-212 315 -605
-198 221 -592
-202 160 -548
-144 96 -538
-183 53 -604
-165 89 -690
-238 131 -687
-256 212 -723
-171 184 -703
-232 245 -710
-318 145 -716
-375 239 -704
-443 155 -659
-527 188 -670
-456 184 -764
-424 177 -679
-512 93 -675
-479 122 -587
-400 23 -544
-364 -61 -598
-436 -10 -669
-354 73 -624
-397 25 -695
-415 -49 -783
-488 -42 -809
-435 -13 -804
-438 -113 -758
-443 -77 -707
-496 -165 -690
-492 -150 -707
-407 -203 -794
-359 -113 -759
-404 -136 -688
-406 -64 -609
-335 -99 -645
-287 -7 -614
-357 -92 -591
-382 -169 -499
-356 -221 -414
-359 -185 -478
-372 -263 -513
-432 -188 -529
-371 -126 -474
-432 -41 -420
-427 27 -455
-422 42 -418
-410 131 -389
-483 199 -381
-417 112 -324
-508 44 -358
-433 100 -301
-401 1 -369
-399 -30 -328
-356 5 -256
-331 28 -316
-355 23 -218
-301 -17 -305
-251 39 -401
-198 -28 -381
-118 -28 -458
-183 -4 -406
-103 19 -369
-174 56 -469
-244 96 -478
-285 -3 -427
-292 2 -482
-373 71 -457
-367 147 -464
-407 56 -446
-334 124 -487
-277 107 -481
-225 68 -525
-269 142 -625
-303 125 -642
-305 126 -665
-375 136 -582
-278 102 -490
-213 54 -524
-273 99 -471
-288 128 -477
-230 70 -476
-133 157 -396
-150 226 -399
-144 321 -423
-80 298 -336
-1 360 -257
1 271 -295
-87 282 -370
-20 271 -323
-66 217 -303
-128 234 -235
-64 209 -260
-154 206 -268
-184 262 -261
-193 298 -306
-137 343 -303
-214 438 -368
-201 413 -426
-227 356 -451
-317 441 -407
-344 522 -411
-307 610 -312
-343 634 -403
-306 705 -357
-218 675 -351
-296 704 -416
-202 715 -335
-245 801 -403
-313 709 -365
-227 721 -410
-241 780 -498
-165 879 -541
-170 917 -480
-150 932 -517
-167 861 -577
-222 958 -579
-163 880 -595
-100 887 -638
-60 934 -691
-36 913 -622
-72 823 -573
-65 770 -503
-47 812 -535
-10 743 -515
32 770 -484
2 766 -504
6 807 -422
83 749 -397
5 749 -350
-73 811 -448
-142 789 -398
-112 871 -369
-54 957 -303
-54 890 -403
3 947 -395
26 942 -399
13 962 -458
-31 1033 -438
-31 1090 -366
-21 1099 -427
72 1149 -338
149 1118 -357
114 1056 -421
190 1021 -381
286 1121 -477
200 1199 -428
148 1273 -398
